-.816902637481689453125
.7042255401611328125
-.33802890777587890625
-.901409626007080078125
-.295774936676025390625
-.67605686187744140625
-.901409626007080078125
1.0281696319580078125
-.64788818359375
-1.00000095367431640625
-.64788818359375
1.084507465362548828125
.830985546112060546875
1.1267604827880859375
-.9295787811279296875
.971830844879150390625
.971830844879150390625
-.42253589630126953125
.45070362091064453125
1
1.09859180450439453125
-.9295787811279296875
.549295902252197265625
1.352113246917724609375
.492957592010498046875
.845070362091064453125
.802816867828369140625
.577464580535888671875
1.09859180450439453125
.3380279541015625
-.49295902252197265625
-1.126761913299560546875
-.366198062896728515625
.32394313812255859375
-.042253971099853515625
1.352113246917724609375
.802816867828369140625
.211266994476318359375
.971830844879150390625
-.42253589630126953125
1.22535228729248046875
-.239437103271484375
.11267566680908203125
.647886753082275390625
.3380279541015625
.3380279541015625
1.05633831024169921875
-.08450794219970703125
-.619719028472900390625
.084506988525390625
0
0
0
0
0
0
0
0
0
0
0
0
0
0
0
0
0
0
0
0
0
0
0
1.408451557159423828125
0
0
0
0
0
0
0
0
0
0
0
0
0
0
0
0
0
0
0
0
0
0
0
0
0
0
.130985736846923828125
-.1487331390380859375
-.552816867828369140625
-.214648723602294921875
-.732395172119140625
-.612817287445068359375
.27070331573486328125
-.4923954010009765625
.1178874969482421875
-.371408939361572265625
.49999904632568359375
.43859100341796875
.513661861419677734375
-.13732433319091796875
1.0854930877685546875
.59971714019775390625
1.272112369537353515625
.592112064361572265625
-.15831089019775390625
-.023803234100341796875
0
-.172394275665283203125
-.61028289794921875
.323802471160888671875
-.33140850067138671875
-.071971893310546875
-.34338092803955078125
-.555211544036865234375
.131689548492431640625
-.08239459991455078125
-.685352325439453125
-.23802947998046875
-1.025493621826171875
-.812535762786865234375
-.509296417236328125
.228168487548828125
-.061408519744873046875
-.305211544036865234375
.879154205322265625
.48211193084716796875
-.018310546875
-.276901721954345703125
.372956752777099609375
-.658451080322265625
.011408329010009765625
.914647579193115234375
-.125352382659912109375
.735774517059326171875
.726337432861328125
-.843521595001220703125
-.6863384246826171875
1
0
0
0
0
0
0
0
0
0
0
0
0
0
0
0
0
0
0
0
0
0
0
.39436626434326171875
0
0
0
0
0
0
0
0
0
0
0
0
0
0
0
0
0
0
0
0
0
0
0
0
0
0
1.816675662994384765625
.099014759063720703125
-.87225437164306640625
.630281925201416015625
1.1340847015380859375
.6177463531494140625
1.480563640594482421875
1.374084949493408203125
-1.571691036224365234375
.438873291015625
.6700000762939453125
-.25112628936767578125
-1.385071277618408203125
-.01985931396484375
-.9076061248779296875
.9957752227783203125
-.898310184478759765625
.20168972015380859375
.87535190582275390625
-.06704235076904296875
0
-.585916042327880859375
-.014224529266357421875
-.232958316802978515625
-.061127185821533203125
-.459578037261962890625
-.030704498291015625
-.248169422149658203125
-.484648227691650390625
-.495915889739990234375
.249718189239501953125
.43957805633544921875
.29760646820068359375
.071972370147705078125
-.2194366455078125
.72253513336181640625
-.04112720489501953125
-.018169403076171875
.817324161529541015625
-.9183101654052734375
-.134647846221923828125
-.463521480560302734375
.6843662261962890625
.32323932647705078125
-.39887332916259765625
-.8102817535400390625
-.570281982421875
-1.25338077545166015625
-.5349292755126953125
.327183246612548828125
-.63507080078125
0
1
0
0
0
0
0
0
0
0
0
0
0
0
0
0
0
0
0
0
0
0
0
-1.08450794219970703125
0
0
0
0
0
0
0
0
0
0
0
0
0
0
0
0
0
0
0
0
0
0
0
0
0
0
6.712140560150146484375
.326477527618408203125
1.47338008880615234375
-.13042354583740234375
.058871746063232421875
-.546620845794677734375
.31915378570556640625
.278872013092041015625
1.692535400390625
-.09831142425537109375
-.450001239776611328125
-.148311138153076171875
.35760593414306640625
1.264788150787353515625
1.881408214569091796875
-.413663387298583984375
1.66746425628662109375
.537464141845703125
-.398029327392578125
1.230562686920166015625
0
1.7688732147216796875
-.3936634063720703125
.949436187744140625
1.99169063568115234375
.44436550140380859375
1.456056118011474609375
.24225330352783203125
-.31802845001220703125
.668873310089111328125
1.13042163848876953125
-.314367771148681640625
-.53141021728515625
.4770412445068359375
-.5408458709716796875
.116196155548095703125
.5316905975341796875
1.512253284454345703125
.93901348114013671875
.717463970184326171875
.57197093963623046875
1.10028171539306640625
-.881549835205078125
-.50986003875732421875
.838308811187744140625
.150421619415283203125
-.399578094482421875
1.055070400238037109375
-.817606449127197265625
.194223880767822265625
.757605075836181640625
0
0
1
0
0
0
0
0
0
0
0
0
0
0
0
0
0
0
0
0
0
0
0
1.12676143646240234375
0
0
0
0
0
0
0
0
0
0
0
0
0
0
0
0
0
0
0
0
0
0
0
0
0
0
3.089787960052490234375
-.444084644317626953125
-.866479396820068359375
.758309841156005859375
.9054927825927734375
-.606479167938232421875
-.073380947113037109375
.685492992401123046875
-.059859752655029296875
.556760311126708984375
.10999965667724609375
.376760005950927734375
-.9795780181884765625
.6591548919677734375
.1356334686279296875
-.2546482086181640625
.36985874176025390625
-.7401409149169921875
.04788684844970703125
.302253246307373046875
0
-.574507236480712890625
-.094647884368896484375
-.942253589630126953125
.166759967803955078125
-.66253566741943359375
-.3357753753662109375
.4990139007568359375
.327887058258056640625
-.3545074462890625
-.86830997467041015625
.38253498077392578125
1.124366283416748046875
-.4218311309814453125
-.263380527496337890625
.33478832244873046875
-.3232402801513671875
.6790142059326171875
.206056118011474609375
-.890141010284423828125
.447886943817138671875
.431126117706298828125
-.696197509765625
.47056293487548828125
.57323932647705078125
.45168972015380859375
.63169002532958984375
-1.059718608856201171875
-.190422534942626953125
.47690105438232421875
.56042194366455078125
0
0
0
1
0
0
0
0
0
0
0
0
0
0
0
0
0
0
0
0
0
0
0
-.49295806884765625
0
0
0
0
0
0
0
0
0
0
0
0
0
0
0
0
0
0
0
0
0
0
0
0
0
0
2.85715484619140625
.9990139007568359375
.847746372222900390625
-.21971893310546875
-.745915889739990234375
.5277462005615234375
.120563030242919921875
.64408397674560546875
.84830951690673828125
.2488727569580078125
.289999485015869140625
1.0188732147216796875
-.6450710296630859375
-.109859943389892578125
-.03760623931884765625
.745773792266845703125
-.808310031890869140625
.941689968109130859375
-.524648189544677734375
.93295764923095703125
0
-.705915927886962890625
.875773906707763671875
.067041873931884765625
.598872661590576171875
-.60957813262939453125
.229295253753662109375
-.828169345855712890625
-.514647960662841796875
.804084300994873046875
.2597179412841796875
-.250422954559326171875
-.322394847869873046875
.801971435546875
.280562877655029296875
.2325344085693359375
.218872547149658203125
-.6881694793701171875
-.202676296234130859375
.7416896820068359375
.41535186767578125
-.4435214996337890625
.79436588287353515625
-.586760997772216796875
.35112667083740234375
-.210281848907470703125
-.300282001495361328125
-.81338024139404296875
.4250698089599609375
.02718257904052734375
-.8050708770751953125
0
0
0
0
1
0
0
0
0
0
0
0
0
0
0
0
0
0
0
0
0
0
0
-.084507465362548828125
0
0
0
0
0
0
0
0
0
0
0
0
0
0
0
0
0
0
0
0
0
0
0
0
0
0
1.94014072418212890625
-.1342258453369140625
-.1539440155029296875
-.214507579803466796875
.824647426605224609375
.596055507659912109375
.770985126495361328125
.7146472930908203125
-1.202957630157470703125
1.098027706146240234375
1.239999294281005859375
1.278028011322021484375
-.3588733673095703125
-.392253398895263671875
.251690387725830078125
-.152394771575927734375
-1.22704219818115234375
.212957859039306640625
-.20563411712646484375
.2526760101318359375
0
-.905352115631103515625
1.33760547637939453125
.60732364654541015625
-.181972026824951171875
.683239459991455078125
-.738732814788818359375
.6107044219970703125
.694366455078125
.384647846221923828125
.434506893157958984375
.00676059722900390625
.488309383392333984375
.538450717926025390625
.080985546112060546875
-.60056400299072265625
-.8119716644287109375
-.679296016693115234375
-.827182769775390625
.062957763671875
.29436588287353515625
.30633831024169921875
.61014080047607421875
-.8318309783935546875
.181972026824951171875
.71450710296630859375
-.095492839813232421875
.024084568023681640625
-.631126880645751953125
-.444929599761962890625
.531126499176025390625
0
0
0
0
0
1
0
0
0
0
0
0
0
0
0
0
0
0
0
0
0
0
0
-.64788722991943359375
0
0
0
0
0
0
0
0
0
0
0
0
0
0
0
0
0
0
0
0
0
0
0
0
0
0
5.982746124267578125
.134365081787109375
.091408252716064453125
.287323474884033203125
-.073804378509521484375
.781407833099365234375
.59464740753173828125
-.813804149627685546875
.306056499481201171875
-.629296779632568359375
-.36000156402587890625
-1.05929660797119140625
.948169231414794921875
1.473661899566650390625
1.142253398895263671875
-.359860897064208984375
.523943424224853515625
.473943233489990234375
-.7908458709716796875
.936900615692138671875
0
1.606197357177734375
-1.189860820770263671875
-.146901607513427734375
-.029295444488525390625
.9009857177734375
.4916896820068359375
1.14760494232177734375
.46915435791015625
.776196956634521484375
.972675323486328125
-.58098697662353515625
-.90225505828857421875
-.128733158111572265625
-.0353527069091796875
-.2340850830078125
.800704479217529296875
.217605113983154296875
1.05042171478271484375
-.08605670928955078125
.07915401458740234375
.83845043182373046875
-.64647960662841796875
.3242244720458984375
1.099295139312744140625
-.22732448577880859375
-.377324581146240234375
.92211246490478515625
.8818302154541015625
-.653240203857421875
.038168430328369140625
0
0
0
0
0
0
1
0
0
0
0
0
0
0
0
0
0
0
0
0
0
0
0
.80281734466552734375
0
0
0
0
0
0
0
0
0
0
0
0
0
0
0
0
0
0
0
0
0
0
0
0
0
0
2.86066150665283203125
-.660846710205078125
.205211162567138671875
-.106902599334716796875
-.3650722503662109375
.0752105712890625
-.73380374908447265625
-1.355072021484375
1.3714084625244140625
-.982395648956298828125
-.4800014495849609375
-.12239551544189453125
.854225635528564453125
.261548519134521484375
.28633785247802734375
-1.28648090362548828125
1.598590850830078125
1.628591060638427734375
.27887248992919921875
1.122534275054931640625
0
1.364929676055908203125
-.176480770111083984375
.567464351654052734375
1.43760585784912109375
1.244647502899169921875
-.01774692535400390625
1.250140666961669921875
.628872394561767578125
.084929943084716796875
.21690082550048828125
.6253509521484375
-.8263397216796875
-1.038311004638671875
.386196613311767578125
-.072113513946533203125
1.9776058197021484375
.130140781402587890625
.85056209564208984375
1.2685909271240234375
-.47112751007080078125
.901267528533935546875
.328027248382568359375
-.444366931915283203125
-.28760623931884765625
1.0269012451171875
-.043098926544189453125
1.692817211151123046875
-.634226322174072265625
-.570987224578857421875
-.465775012969970703125
0
0
0
0
0
0
0
1
0
0
0
0
0
0
0
0
0
0
0
0
0
0
0
1.070423126220703125
0
0
0
0
0
0
0
0
0
0
0
0
0
0
0
0
0
0
0
0
0
0
0
0
0
0
4.314548969268798828125
.5819721221923828125
-.365493297576904296875
-.190563678741455078125
-.218168735504150390625
-.39549350738525390625
-.131126880645751953125
-.068169116973876953125
.283380031585693359375
.862253665924072265625
.059999942779541015625
.842253208160400390625
-.179859638214111328125
.4397182464599609375
-1.374788761138916015625
.75845050811767578125
-.6933803558349609375
-1.333380222320556640625
.7992954254150390625
-.685915470123291015625
0
-1.268169403076171875
1.52845096588134765625
.38591480255126953125
-1.127747058868408203125
-.480844974517822265625
-.038591861724853515625
.3263378143310546875
-.0207042694091796875
-1.13816928863525390625
.120563030242919921875
.89084529876708984375
1.08478832244873046875
-.44394397735595703125
-.991126537322998046875
.524929523468017578125
-1.197746753692626953125
-.37366199493408203125
-.61464786529541015625
-.47338008880615234375
-.170704364776611328125
-.312957763671875
.311267375946044921875
.79352092742919921875
-.052253246307373046875
.080563068389892578125
.48056316375732421875
-.813239574432373046875
.379859447479248046875
.575633525848388671875
.770140171051025390625
0
0
0
0
0
0
0
0
1
0
0
0
0
0
0
0
0
0
0
0
0
0
0
-.83098602294921875
0
0
0
0
0
0
0
0
0
0
0
0
0
0
0
0
0
0
0
0
0
0
0
0
0
0
8.18771839141845703125
.7750701904296875
.1987323760986328125
-.318591594696044921875
.500422000885009765625
-.221268177032470703125
.41281604766845703125
.57042217254638671875
-.208450794219970703125
.314365863800048828125
.919999599456787109375
-.405634403228759765625
.004647731781005859375
-.19929599761962890625
-.778028011322021484375
1.238873004913330078125
-.141549587249755859375
.298450469970703125
.186760425567626953125
.324788570404052734375
0
.1104221343994140625
.148872852325439453125
-.69478893280029296875
.5043659210205078125
-.35788726806640625
.296478748321533203125
.329154491424560546875
.24676036834716796875
.17042255401611328125
-.321408748626708984375
1.0078868865966796875
.95802783966064453125
-.100141048431396484375
-.667183399200439453125
.472675323486328125
.5043659210205078125
-1.000845432281494140625
-.303380489349365234375
-.2815494537353515625
.296760082244873046875
-.377605915069580078125
.301830291748046875
-.523803234100341796875
.665633678436279296875
-.701408863067626953125
-.651408672332763671875
.3030986785888671875
-.37464809417724609375
.515915393829345703125
.0546474456787109375
0
0
0
0
0
0
0
0
0
1
0
0
0
0
0
0
0
0
0
0
0
0
0
-.422535419464111328125
0
0
0
0
0
0
0
0
0
0
0
0
0
0
0
0
0
0
0
0
0
0
0
0
0
0
4.303703784942626953125
.203519344329833984375
.826619625091552734375
-.66957855224609375
-.778874874114990234375
.096619129180908203125
-.269155979156494140625
-.618875026702880859375
.487465381622314453125
-.211691379547119140625
-1.19000148773193359375
-1.161691188812255859375
1.33239459991455078125
.185210704803466796875
.54859161376953125
.31366062164306640625
1.55253505706787109375
.362534999847412109375
-.52197265625
-.02056407928466796875
0
1.4111270904541015625
-.0663394927978515625
-.459436893463134765625
.688310146331787109375
1.285633563995361328125
-.056056499481201171875
.6177463531494140625
.94802761077880859375
1.10112667083740234375
.2595767974853515625
-.025635242462158203125
.0514068603515625
-.797043323516845703125
.840844631195068359375
-.50619792938232421875
.1683101654052734375
.90774631500244140625
.41098499298095703125
.5925350189208984375
-.051972866058349609375
.06971836090087890625
.511548519134521484375
-.080141544342041015625
.191689968109130859375
-.28042316436767578125
.55957698822021484375
.374929904937744140625
.637604236602783203125
.525773525238037109375
.9123935699462890625
0
0
0
0
0
0
0
0
0
0
1
0
0
0
0
0
0
0
0
0
0
0
0
.87324047088623046875
0
0
0
0
0
0
0
0
0
0
0
0
0
0
0
0
0
0
0
0
0
0
0
0
0
0
3.13821125030517578125
.42070293426513671875
1.02732372283935546875
.774083614349365234375
.3942241668701171875
-.672676563262939453125
.578168392181396484375
-.57577610015869140625
-.234507083892822265625
-1.026339054107666015625
-.590001583099365234375
.32366085052490234375
1.006478786468505859375
.14704132080078125
.339717864990234375
.148731231689453125
1.174506664276123046875
.384506702423095703125
-.182395458221435546875
.1478862762451171875
0
-.145774364471435546875
.128731250762939453125
1.2121124267578125
1.273662090301513671875
-.298873424530029296875
.49478816986083984375
.321548938751220703125
.90760517120361328125
.304225444793701171875
-.02408504486083984375
.148871898651123046875
-.4297199249267578125
-.151409626007080078125
.56816864013671875
.666759490966796875
1.693662166595458984375
1.39154911041259765625
-.2738037109375
1.4945068359375
-.982395172119140625
1.653943538665771484375
.50830936431884765625
-.66802883148193359375
.026337146759033203125
.155914783477783203125
.9359149932861328125
-.109014034271240234375
.59352016448974609375
.069154262542724609375
.68647861480712890625
0
0
0
0
0
0
0
0
0
0
0
1
0
0
0
0
0
0
0
0
0
0
0
.774648189544677734375
0
0
0
0
0
0
0
0
0
0
0
0
0
0
0
0
0
0
0
0
0
0
0
0
0
0
6.869041919708251953125
-.11394405364990234375
-.91901397705078125
.361126422882080078125
.42633724212646484375
.670985698699951171875
-.527746677398681640625
-.543662548065185546875
-.77676105499267578125
-.334507465362548828125
.60999965667724609375
.84549236297607421875
-.7202816009521484375
-.6394367218017578125
-.55042266845703125
-.236901760101318359375
-.983239650726318359375
-.56324005126953125
-.42859172821044921875
.171830654144287109375
0
-.113662242889404296875
.48309803009033203125
.36816883087158203125
-.084507465362548828125
.63169002532958984375
-.732817173004150390625
.4073238372802734375
-.468592166900634765625
-.563662052154541015625
-.091126918792724609375
-.5916900634765625
1.090422153472900390625
.14788722991943359375
.92225360870361328125
.040140628814697265625
-.65450763702392578125
-.2726764678955078125
.029295444488525390625
.336760044097900390625
.9414081573486328125
-.864084720611572265625
.91746425628662109375
-.647042751312255859375
-.345492839813232421875
.108872890472412109375
-.36112689971923828125
.226479053497314453125
.700281620025634765625
.7687320709228515625
-.260282039642333984375
0
0
0
0
0
0
0
0
0
0
0
0
1
0
0
0
0
0
0
0
0
0
0
-.338028430938720703125
0
0
0
0
0
0
0
0
0
0
0
0
0
0
0
0
0
0
0
0
0
0
0
0
0
0
.56056308746337890625
1.330564022064208984375
-.910141468048095703125
1.171267986297607421875
.913381099700927734375
-.0801410675048828125
.042535305023193359375
1.813381195068359375
-1.7676067352294921875
1.11493015289306640625
.610000133514404296875
.68492984771728515625
-1.682817935943603515625
-1.364366054534912109375
-1.3842258453369140625
.880986690521240234375
-.0423946380615234375
-.152394771575927734375
1.12408447265625
-.47169017791748046875
0
-.526620388031005859375
1.14098644256591796875
.301689624786376953125
-1.805071353912353515625
-.833098888397216796875
-.798169612884521484375
-.10676097869873046875
-.825915813446044921875
-.7566204071044921875
-.03126811981201171875
.803099155426025390625
.95422649383544921875
1.24887371063232421875
.4525356292724609375
-.4685916900634765625
-1.185071468353271484375
-1.02676105499267578125
-.80704212188720703125
-.76239490509033203125
-.3659152984619140625
-.740846157073974609375
.064648151397705078125
-.080422878265380859375
-1.1249294281005859375
.64873218536376953125
.488731861114501953125
-1.61521244049072265625
.862817287445068359375
-.082675457000732421875
.127182483673095703125
0
0
0
0
0
0
0
0
0
0
0
0
0
1
0
0
0
0
0
0
0
0
0
-1.380282878875732421875
0
0
0
0
0
0
0
0
0
0
0
0
0
0
0
0
0
0
0
0
0
0
0
0
0
0
6.123633861541748046875
.77450656890869140625
-.551126956939697265625
.060140132904052734375
-.5929584503173828125
-.181127071380615234375
-.689718723297119140625
.847041606903076171875
-.540845394134521484375
-.1305637359619140625
.169999599456787109375
.6194362640380859375
.927464962005615234375
.755070209503173828125
-.7438030242919921875
-.45211315155029296875
-.759154796600341796875
.21084499359130859375
.702675342559814453125
.086478710174560546875
0
.6970424652099609375
-.432113170623779296875
-.54647922515869140625
-.2805633544921875
-.1447887420654296875
-.575352191925048828125
.14591503143310546875
.082675933837890625
-.812957763671875
.28985881805419921875
-.6952114105224609375
-.386197566986083984375
.600985050201416015625
.76028156280517578125
.391267299652099609375
-.66056346893310546875
.845915317535400390625
.203661441802978515625
.270844936370849609375
-.287324428558349609375
-.706760406494140625
.507182598114013671875
.276619434356689453125
-.299437046051025390625
.5898590087890625
.609858989715576171875
.388309478759765625
.44253444671630859375
.338591098785400390625
-.49253559112548828125
0
0
0
0
0
0
0
0
0
0
0
0
0
0
1
0
0
0
0
0
0
0
0
-.0422534942626953125
0
0
0
0
0
0
0
0
0
0
0
0
0
0
0
0
0
0
0
0
0
0
0
0
0
0
1.397070407867431640625
.561972141265869140625
.2445068359375
.069436550140380859375
.901831150054931640625
.18450641632080078125
-.261126995086669921875
1.1718311309814453125
.39338016510009765625
.642253398895263671875
.059999942779541015625
1.2922534942626953125
.340140819549560546875
-.01028156280517578125
-.164788722991943359375
1.27845096588134765625
-.72338008880615234375
-1.083380222320556640625
.84929561614990234375
.604084491729736328125
0
-.72816944122314453125
.35845088958740234375
-.244084835052490234375
-1.59774684906005859375
.059154987335205078125
-.198591709136962890625
-1.05366230010986328125
-.580704212188720703125
-.29816913604736328125
-.85943698883056640625
.980844974517822265625
.09478855133056640625
1.016056060791015625
-.02112674713134765625
-.5550708770751953125
-.377747058868408203125
-.143661975860595703125
-.474647998809814453125
-1.3533802032470703125
.4592952728271484375
-.78295803070068359375
1.09126758575439453125
.103520870208740234375
-.37225341796875
-.959436893463134765625
.31056308746337890625
.056760311126708984375
-.43014049530029296875
1.095633983612060546875
-.7098598480224609375
0
0
0
0
0
0
0
0
0
0
0
0
0
0
0
1
0
0
0
0
0
0
0
-.83098602294921875
0
0
0
0
0
0
0
0
0
0
0
0
0
0
0
0
0
0
0
0
0
0
0
0
0
0
7.811718463897705078125
.366336822509765625
.1159152984619140625
-.273240566253662109375
-.00197315216064453125
-.554085254669189453125
-1.156479358673095703125
-.09197330474853515625
1.209436893463134765625
.052957057952880859375
-.820001125335693359375
.1929569244384765625
1.548309803009033203125
1.30338001251220703125
.017464160919189453125
-.671410083770751953125
1.620563030242919921875
-.059436798095703125
-.37155055999755859375
-.08901500701904296875
0
1.688027858734130859375
.3185901641845703125
.2490139007568359375
1.6429576873779296875
.310140132904052734375
.503098011016845703125
.78394317626953125
.65845012664794921875
1.62802791595458984375
.193238735198974609375
.069858074188232421875
-1.177465915679931640625
.15732288360595703125
-.416479587554931640625
-.80915546417236328125
.582957744598388671875
.653943538665771484375
.695773601531982421875
1.630563259124755859375
-.101550579071044921875
.875492572784423828125
-.76521205902099609375
.067745685577392578125
.207041263580322265625
-.316761016845703125
-.206760883331298828125
.4288730621337890625
-.518310546875
-.127606868743896484375
.17830944061279296875
0
0
0
0
0
0
0
0
0
0
0
0
0
0
0
0
1
0
0
0
0
0
0
.97183132171630859375
0
0
0
0
0
0
0
0
0
0
0
0
0
0
0
0
0
0
0
0
0
0
0
0
0
0
4.9163799285888671875
.083942890167236328125
1.009013652801513671875
.598872661590576171875
.743661403656005859375
.4790134429931640625
-.512254238128662109375
.26366138458251953125
.026760578155517578125
.554505825042724609375
.109999179840087890625
.3745059967041015625
.9902820587158203125
.949436664581298828125
.82042217254638671875
-.523099422454833984375
-.18676090240478515625
-.566761016845703125
.5185909271240234375
1.0581684112548828125
0
.68366146087646484375
.36690044403076171875
.10183048248291015625
.334506988525390625
-.551690578460693359375
.43281650543212890625
1.192676067352294921875
.598590850830078125
-.3563385009765625
.38112640380859375
.05168914794921875
.18957614898681640625
.03211212158203125
-.072253704071044921875
-.790141582489013671875
.604506969451904296875
.512675762176513671875
.560703754425048828125
1.09323883056640625
.538590908050537109375
.144084453582763671875
.3325347900390625
.397041797637939453125
-.244507312774658203125
.021126270294189453125
.971126556396484375
.243521213531494140625
.52971744537353515625
-.85873317718505859375
.550281047821044921875
0
0
0
0
0
0
0
0
0
0
0
0
0
0
0
0
0
1
0
0
0
0
0
.338028430938720703125
0
0
0
0
0
0
0
0
0
0
0
0
0
0
0
0
0
0
0
0
0
0
0
0
0
0
5.27343654632568359375
-.09366130828857421875
.0159149169921875
.9767608642578125
1.368028163909912109375
.3659152984619140625
1.363521099090576171875
1.208028316497802734375
-.600564479827880859375
.792957782745361328125
1.460000514984130859375
.52295780181884765625
-1.3016910552978515625
.193379878997802734375
-1.0425357818603515625
.828591823577880859375
.13056278228759765625
.160562992095947265625
.388451099395751953125
.0009860992431640625
0
-1.1019725799560546875
.468592166900634765625
.329013824462890625
-.09704303741455078125
.460140228271484375
-.356901645660400390625
.183943271636962890625
-.00154972076416015625
-.991972446441650390625
.623239040374755859375
.929859638214111328125
1.37253570556640625
-.53267574310302734375
.04352092742919921875
.29084491729736328125
-.837043285369873046875
-.43605709075927734375
.25577449798583984375
-.78943729400634765625
.388451099395751953125
-.754507541656494140625
.954788684844970703125
.91774654388427734375
-.53295803070068359375
-.68676090240478515625
.5232391357421875
-.38112735748291015625
.0916900634765625
.2823944091796875
.26830959320068359375
0
0
0
0
0
0
0
0
0
0
0
0
0
0
0
0
0
0
1
0
0
0
0
-1.028170108795166015625
0
0
0
0
0
0
0
0
0
0
0
0
0
0
0
0
0
0
0
0
0
0
0
0
0
0
4.631380558013916015625
.09492969512939453125
.061267375946044921875
1.08859157562255859375
.44957733154296875
.98126697540283203125
1.04718303680419921875
-.290422916412353515625
.1984500885009765625
1.0456333160400390625
.999999523162841796875
-.444366455078125
-.0946483612060546875
.4092960357666015625
-.561972141265869140625
.01112651824951171875
.22154903411865234375
-.728451251983642578125
-.44676113128662109375
-.154788970947265625
0
-.170423030853271484375
.161126613616943359375
.554788112640380859375
.315633296966552734375
-.872112751007080078125
-.38647937774658203125
.310844898223876953125
.2732391357421875
.3495769500732421875
-.668591976165771484375
.052112579345703125
.611971378326416015625
-.419859409332275390625
-.352817058563232421875
-.742676258087158203125
-1.284366607666015625
-.1791553497314453125
-.0766201019287109375
-.888451099395751953125
.113238811492919921875
-.292395114898681640625
-.30183124542236328125
-.7761974334716796875
-.305634021759033203125
.181407928466796875
.1914081573486328125
-.243099212646484375
-.365352153778076171875
.784084320068359375
-.83464813232421875
0
0
0
0
0
0
0
0
0
0
0
0
0
0
0
0
0
0
0
1
0
0
0
-.577465057373046875
0
0
0
0
0
0
0
0
0
0
0
0
0
0
0
0
0
0
0
0
0
0
0
0
0
0
9.47629547119140625
1.016056060791015625
.240985870361328125
.491126537322998046875
-.383662700653076171875
.35098552703857421875
.69225311279296875
.366337299346923828125
-.3267612457275390625
.205492496490478515625
.8099994659423828125
.955492496490478515625
.449717998504638671875
-.4794368743896484375
-1.030422687530517578125
.32309818267822265625
.15676021575927734375
-.293240070343017578125
-.04859161376953125
-.0981693267822265625
0
-.863662242889404296875
-.5569019317626953125
-.68183135986328125
-.22450733184814453125
.481689929962158203125
-.822817325592041015625
-.7726764678955078125
-.35859203338623046875
-.473661899566650390625
-.52112674713134765625
.52830982208251953125
.500422000885009765625
.867887020111083984375
-.267746448516845703125
.43014049530029296875
.35549259185791015625
-.8526763916015625
-.470704555511474609375
-.653239727020263671875
.921408176422119140625
-.534084796905517578125
.0474643707275390625
.482957363128662109375
.12450695037841796875
.578873157501220703125
.148872852325439453125
.02647876739501953125
-.39971828460693359375
-.1612682342529296875
-.750281810760498046875
0
0
0
0
0
0
0
0
0
0
0
0
0
0
0
0
0
0
0
0
1
0
0
-.338028430938720703125
0
0
0
0
0
0
0
0
0
0
0
0
0
0
0
0
0
0
0
0
0
0
0
0
0
0
9.42756366729736328125
1.1628170013427734375
-.570704936981201171875
-.473661899566650390625
.276901721954345703125
.989295482635498046875
1.1426753997802734375
.476901531219482421875
-.82802867889404296875
.514647960662841796875
1.150000095367431640625
.60464763641357421875
-1.18408489227294921875
-.181830883026123046875
-.7511272430419921875
.7349300384521484375
-.84197235107421875
-.991972446441650390625
1.16042232513427734375
.491549015045166015625
0
.006900787353515625
.11493015289306640625
-.111549854278564453125
-.025352954864501953125
-.89549350738525390625
-.640845775604248046875
.146196842193603515625
.140422344207763671875
-.40309906005859375
-.876338481903076171875
.915493488311767578125
1.27112674713134765625
.284366130828857421875
-.697324275970458984375
-.722957611083984375
-.42535305023193359375
-.683803081512451171875
-.165211200714111328125
-1.351972103118896484375
1.020422458648681640625
-.684225559234619140625
1.043239116668701171875
-.822112560272216796875
-.9846477508544921875
-.366338253021240234375
.60366153717041015625
-.0360565185546875
.964084625244140625
1.106619358062744140625
.355915069580078125
0
0
0
0
0
0
0
0
0
0
0
0
0
0
0
0
0
0
0
0
0
1
0
-.901409149169921875
0
0
0
0
0
0
0
0
0
0
0
0
0
0
0
0
0
0
0
0
0
0
0
0
0
0
.382168292999267578125
-1.28084659576416015625
-.26478862762451171875
.493097782135009765625
-.2750720977783203125
.635210514068603515625
-.73380374908447265625
-1.375072002410888671875
1.291408538818359375
-1.20239543914794921875
-1.560001373291015625
-1.04239559173583984375
.314225673675537109375
1.20154857635498046875
1.78633785247802734375
-.28648090362548828125
.158590793609619140625
1.1085910797119140625
-1.071127414703369140625
1.162534236907958984375
0
1.654929637908935546875
-.806480884552001953125
1.367464542388916015625
.7176055908203125
1.1446475982666015625
1.052253246307373046875
.120140552520751953125
.848872661590576171875
1.76492977142333984375
.06690120697021484375
.045350551605224609375
-.976339817047119140625
.16168880462646484375
1.02619647979736328125
-.7421131134033203125
1.327605724334716796875
.170140743255615234375
.170562267303466796875
1.14859104156494140625
-.06112766265869140625
.9612674713134765625
.498027324676513671875
.65563297271728515625
.70239353179931640625
.8569011688232421875
.246901035308837890625
1.242816925048828125
.5057735443115234375
.2090129852294921875
.30422496795654296875
0
0
0
0
0
0
0
0
0
0
0
0
0
0
0
0
0
0
0
0
0
0
1
1.070423126220703125
0
0
0
0
0
0
0
0
0
0
0
0
0
0
0
0
0
0
0
0
0
0
0
0
0
0
8.296549320220947265625
-.72577571868896484375
.28394317626953125
.66450595855712890625
-.764648914337158203125
-.216057300567626953125
.469013214111328125
-.56464862823486328125
-.0370426177978515625
-.10802936553955078125
-.83000087738037109375
.251970767974853515625
1.13887310028076171875
.622252941131591796875
.41830921173095703125
.052393436431884765625
-.332958221435546875
.317041873931884765625
.4456329345703125
.397323131561279296875
0
-.154648303985595703125
.252393245697021484375
1.052675724029541015625
1.48197174072265625
.346760272979736328125
.438731670379638671875
1.07929515838623046875
.745633602142333984375
.0853519439697265625
-.5945072174072265625
-.686761379241943359375
.141689300537109375
-.13845157623291015625
.119013309478759765625
-.7294368743896484375
.1619720458984375
.739295482635498046875
.667182445526123046875
.29704189300537109375
-.654366970062255859375
.37366199493408203125
-.120141506195068359375
-.158169269561767578125
1.168027400970458984375
.865492343902587890625
.035492420196533203125
1.395915508270263671875
.131125926971435546875
-.76507091522216796875
.7488727569580078125
0
0
0
0
0
0
0
0
0
0
0
0
0
0
0
0
0
0
0
0
0
0
0
.647887706756591796875
1
0
0
0
0
0
0
0
0
0
0
0
0
0
0
0
0
0
0
0
0
0
0
0
0
0
.360252857208251953125
-.694507598876953125
.321126461029052734375
.35985851287841796875
.922956943511962890625
.141126155853271484375
.0797176361083984375
-.037043094635009765625
-.11915493011474609375
-.43943691253662109375
.359999179840087890625
.510562896728515625
.5825347900390625
.054929256439208984375
.203802585601806640625
.092112064361572265625
.77915477752685546875
.559154510498046875
-.5226764678955078125
.3335208892822265625
0
.49295711517333984375
-.287888050079345703125
.796478271484375
-.7094364166259765625
-.385211467742919921875
-.684648036956787109375
-.035915851593017578125
.137323856353759765625
.312957286834716796875
.9001407623291015625
-.20478916168212890625
-.81380367279052734375
.159013271331787109375
-.20028209686279296875
.97873210906982421875
-.629436492919921875
.73408412933349609375
-.0336627960205078125
.629154682159423828125
-.1126766204833984375
-.00323963165283203125
.742816448211669921875
.063379764556884765625
-.3805637359619140625
-.089859485626220703125
1.010140895843505859375
-.62831020355224609375
.0474643707275390625
.06140804290771484375
-.727465152740478515625
0
0
0
0
0
0
0
0
0
0
0
0
0
0
0
0
0
0
0
0
0
0
0
.0422534942626953125
0
1
0
0
0
0
0
0
0
0
0
0
0
0
0
0
0
0
0
0
0
0
0
0
0
0
6.313929080963134765625
1.64056396484375
-1.150141239166259765625
.751267910003662109375
.3033809661865234375
.499858856201171875
1.502535343170166015625
.3933811187744140625
-.04760646820068359375
.59492969512939453125
.38000011444091796875
1.494929790496826171875
-1.682817935943603515625
-1.39436626434326171875
-.46422576904296875
.90098667144775390625
-1.552394866943359375
-1.392394542694091796875
.734084606170654296875
.338309764862060546875
0
-1.24662017822265625
1.24098682403564453125
-1.028310298919677734375
-1.835071563720703125
.266901493072509765625
.01183032989501953125
-.68676090240478515625
-.875916004180908203125
-1.196620464324951171875
.668732166290283203125
.87309932708740234375
1.424226284027099609375
-.1211261749267578125
-.50746440887451171875
.591408252716064453125
-.775071620941162109375
-1.136761188507080078125
-.537042140960693359375
-1.642394542694091796875
-.385915279388427734375
-1.33084583282470703125
.014647960662841796875
-.10042285919189453125
.07507038116455078125
-.931268215179443359375
.46873188018798828125
-.10521221160888671875
-.137182712554931640625
1.337324619293212890625
-.5928173065185546875
0
0
0
0
0
0
0
0
0
0
0
0
0
0
0
0
0
0
0
0
0
0
0
-1.380282878875732421875
0
0
1
0
0
0
0
0
0
0
0
0
0
0
0
0
0
0
0
0
0
0
0
0
0
0
1.521633148193359375
.50887298583984375
.030281543731689453125
-.512535572052001953125
-.35676097869873046875
.510281085968017578125
-.09507083892822265625
-.51676082611083984375
-.614788532257080078125
.41014003753662109375
.17999935150146484375
-.349859714508056640625
.09563350677490234375
-.811267375946044921875
-.311549663543701171875
1.068027496337890625
-.675211429595947265625
-.11521148681640625
.2218303680419921875
-.11662006378173828125
0
.593239307403564453125
.798027515411376953125
-.5333805084228515625
-.439858913421630859375
.26619720458984375
-.363662242889404296875
.073520660400390625
.79183101654052734375
.793239593505859375
-.13746547698974609375
.073802471160888671875
1.141548633575439453125
.9522533416748046875
.804929256439208984375
-.562817096710205078125
.12014102935791015625
-.5064792633056640625
-.475915431976318359375
.564788818359375
.82183074951171875
.791690349578857421875
-.079296588897705078125
.010844707489013671875
-.1701412200927734375
-.6774654388427734375
.472534656524658203125
.060422420501708984375
.2543659210205078125
-.204648494720458984375
-.814366817474365234375
0
0
0
0
0
0
0
0
0
0
0
0
0
0
0
0
0
0
0
0
0
0
0
-.239436626434326171875
0
0
0
1
0
0
0
0
0
0
0
0
0
0
0
0
0
0
0
0
0
0
0
0
0
0
9.371732234954833984375
-.288592815399169921875
-.255352020263671875
-.681831836700439453125
.038449764251708984375
.57464694976806640625
-.84366321563720703125
-.5715503692626953125
.28098583221435546875
-.35267734527587890625
-.04000091552734375
-.832677364349365234375
-.06704235076904296875
.624083995819091796875
-.250563144683837890625
-1.022536754608154296875
.929013729095458984375
-.350986003875732421875
-.37478923797607421875
-.10422611236572265625
0
.578450679779052734375
-.642536640167236328125
.514225006103515625
.307323932647705078125
.67225360870361328125
.82957744598388671875
-.3769016265869140625
.54521083831787109375
.758450984954833984375
.551830291748046875
.137745380401611328125
-.469438076019287109375
-.632817745208740234375
-.49366283416748046875
-.65647983551025390625
-.272675991058349609375
.543097972869873046875
.63239383697509765625
.889013767242431640625
-.4247894287109375
.377887248992919921875
.65661907196044921875
.093943119049072265625
.062675952911376953125
-.198169708251953125
.951830387115478515625
.381971836090087890625
-.2729587554931640625
-.01169109344482421875
.532957553863525390625
0
0
0
0
0
0
0
0
0
0
0
0
0
0
0
0
0
0
0
0
0
0
0
.54929637908935546875
0
0
0
0
1
0
0
0
0
0
0
0
0
0
0
0
0
0
0
0
0
0
0
0
0
0
2.146083831787109375
.2735195159912109375
-.183380603790283203125
-.37957859039306640625
.131124973297119140625
.40661907196044921875
-.519155979156494140625
-.368875026702880859375
1.347465038299560546875
-1.18169116973876953125
-.4800014495849609375
.348309040069580078125
1.652394771575927734375
1.4252109527587890625
-.051408290863037109375
-.60633945465087890625
.482534885406494140625
.47253513336181640625
.7380275726318359375
.329435825347900390625
0
.421126842498779296875
-1.01633930206298828125
1.2705631256103515625
.2383098602294921875
.49563312530517578125
.123943805694580078125
-.282253742218017578125
.11802768707275390625
1.45112705230712890625
1.079576969146728515625
-.435635089874267578125
-.148593425750732421875
-.9870433807373046875
.710844516754150390625
.213801860809326171875
1.478310108184814453125
.5277462005615234375
.180984973907470703125
1.55253505706787109375
-.201972484588623046875
.539718151092529296875
-.658451557159423828125
.09985828399658203125
.091689586639404296875
-.250422954559326171875
1.029576778411865234375
1.65493011474609375
.78760433197021484375
-.774226665496826171875
.082393646240234375
0
0
0
0
0
0
0
0
0
0
0
0
0
0
0
0
0
0
0
0
0
0
0
.87324047088623046875
0
0
0
0
0
1
0
0
0
0
0
0
0
0
0
0
0
0
0
0
0
0
0
0
0
0
9.11521148681640625
-1.34366321563720703125
1.25591564178466796875
-1.03324031829833984375
-.861973285675048828125
.7759151458740234375
-.2764797210693359375
.148026943206787109375
.499436855316162109375
-.887042999267578125
-.160001277923583984375
-.77704334259033203125
.9883098602294921875
1.263379573822021484375
1.107464313507080078125
-.2714099884033203125
.610562801361083984375
1.240562915802001953125
-.9115505218505859375
-.08901500701904296875
0
1.62802791595458984375
-.4514102935791015625
-.010986328125
1.44295787811279296875
-.16985988616943359375
1.173098087310791015625
.873943328857421875
.478450298309326171875
1.178027629852294921875
-.2267608642578125
.58985805511474609375
-1.5374660491943359375
-.942677021026611328125
-.036479473114013671875
-.21915531158447265625
.20295810699462890625
1.303943634033203125
-.27422618865966796875
1.170563220977783203125
-.37155055999755859375
.5654926300048828125
.814788341522216796875
-.142254352569580078125
-.132958889007568359375
1.14323902130126953125
1.183238983154296875
1.50887298583984375
.421689510345458984375
-.48760700225830078125
.028309345245361328125
0
0
0
0
0
0
0
0
0
0
0
0
0
0
0
0
0
0
0
0
0
0
0
.97183132171630859375
0
0
0
0
0
0
1
0
0
0
0
0
0
0
0
0
0
0
0
0
0
0
0
0
0
0
3.008379459381103515625
1.01661968231201171875
.06084442138671875
-.047605991363525390625
.289718151092529296875
.0708446502685546875
.404788494110107421875
-.140282154083251953125
-.674366474151611328125
1.2904224395751953125
1.150000095367431640625
.540421962738037109375
-.86309909820556640625
.266196727752685546875
-.2546482086181640625
.714084625244140625
-.395633697509765625
-.085633754730224609375
.805492877960205078125
-.939858913421630859375
0
-1.050282001495361328125
.894084453582763671875
.21985912322998046875
.000422000885009765625
.40859127044677734375
-1.230986118316650390625
.23056316375732421875
-1.074507236480712890625
-.0602817535400390625
.017605304718017578125
.8714084625244140625
1.284647464752197265625
-.20323944091796875
-.765211582183837890625
-.458450794219970703125
-.33957767486572265625
-.129436969757080078125
.242253780364990234375
-1.295633792877197265625
1.07549285888671875
-.634929656982421875
.33211231231689453125
.0925350189208984375
-.05042266845703125
-.0323944091796875
-.182394504547119140625
-.548732757568359375
.193098545074462890625
-.10394382476806640625
.05690097808837890625
0
0
0
0
0
0
0
0
0
0
0
0
0
0
0
0
0
0
0
0
0
0
0
-.71831035614013671875
0
0
0
0
0
0
0
1
0
0
0
0
0
0
0
0
0
0
0
0
0
0
0
0
0
0
.16119670867919921875
.19281673431396484375
.059295177459716796875
-.263661861419677734375
.356901645660400390625
.399295330047607421875
.212675571441650390625
.356901645660400390625
-.198029041290283203125
.834647655487060546875
.519999980926513671875
.064647674560546875
-.644084930419921875
-.95183086395263671875
-.04112720489501953125
.85492992401123046875
-.09197235107421875
.018027782440185546875
.41042232513427734375
.211549282073974609375
0
-.713099002838134765625
.084929943084716796875
.1084499359130859375
.08464717864990234375
-.93549346923828125
-.940845489501953125
-.573803424835205078125
.430422306060791015625
-1.343099117279052734375
.733661651611328125
.195493221282958984375
.5711269378662109375
-.51563358306884765625
.632675647735595703125
.46704196929931640625
.00464725494384765625
-.283803462982177734375
-.30521106719970703125
-.29197216033935546875
-.079577922821044921875
-.274225711822509765625
-.26676082611083984375
-.76211261749267578125
-.714647769927978515625
-.3463382720947265625
.1536617279052734375
-.82605648040771484375
-.435915470123291015625
-.093380451202392578125
-.714085102081298828125
0
0
0
0
0
0
0
0
0
0
0
0
0
0
0
0
0
0
0
0
0
0
0
-.901409149169921875
0
0
0
0
0
0
0
0
1
0
0
0
0
0
0
0
0
0
0
0
0
0
0
0
0
0
2.116168498992919921875
.462535381317138671875
.324366092681884765625
.550704479217529296875
.605211734771728515625
-.075634479522705078125
1.0214080810546875
1.015211582183837890625
-.464226245880126953125
.79718303680419921875
1.27999973297119140625
1.537183284759521484375
-1.192676544189453125
-.834647655487060546875
-1.7490139007568359375
.9694366455078125
-1.525774478912353515625
.07422542572021484375
-.2366199493408203125
-.42760562896728515625
0
-.484789371490478515625
.879436969757080078125
-.42239475250244140625
-.572817325592041015625
.176056385040283203125
.00323963165283203125
-.7304229736328125
-1.046619892120361328125
-1.724789142608642578125
.59929561614990234375
.03394412994384765625
.759014606475830078125
1.114929676055908203125
-.808591365814208984375
.45633792877197265625
-1.692817211151123046875
-1.17042255401611328125
.098309993743896484375
-1.34577465057373046875
.953380107879638671875
-.753803253173828125
.285915374755859375
-.17690181732177734375
.442817211151123046875
-.170704364776611328125
.619295597076416015625
-.9884510040283203125
.712676525115966796875
.452957630157470703125
-.6026763916015625
0
0
0
0
0
0
0
0
0
0
0
0
0
0
0
0
0
0
0
0
0
0
0
-1.211267948150634765625
0
0
0
0
0
0
0
0
0
1
0
0
0
0
0
0
0
0
0
0
0
0
0
0
0
0
5.79035186767578125
-1.220142364501953125
-.19746494293212890625
.16718196868896484375
-.4008464813232421875
.592534542083740234375
.164365291595458984375
-.69084644317626953125
.946901798248291015625
-.7587337493896484375
-.10000133514404296875
-.17873382568359375
1.310704708099365234375
.39859104156494140625
.6860561370849609375
.3922519683837890625
-.08690166473388671875
1.49309825897216796875
-.783522129058837890625
-.52957820892333984375
0
.32915496826171875
.372251987457275390625
.609577178955078125
1.221268177032470703125
.015774250030517578125
.5170421600341796875
1.411690235137939453125
.786478519439697265625
.899155139923095703125
.642816066741943359375
-.775775909423828125
.27394199371337890625
.42028045654296875
.90436553955078125
.0546474456787109375
.011268138885498046875
1.371690273284912109375
-.333240032196044921875
.91309833526611328125
-.743522167205810546875
.38521099090576171875
-.6036624908447265625
1.047605037689208984375
.738731861114501953125
1.18281650543212890625
1.132816314697265625
-.0761966705322265625
.839294910430908203125
-.971832275390625
-.639296054840087890625
0
0
0
0
0
0
0
0
0
0
0
0
0
0
0
0
0
0
0
0
0
0
0
.845071315765380859375
0
0
0
0
0
0
0
0
0
0
1
0
0
0
0
0
0
0
0
0
0
0
0
0
0
0
9.56159114837646484375
-.070986270904541015625
-.162253856658935546875
-.129718780517578125
-.165915966033935546875
-.10225391387939453125
.410562992095947265625
-.545916080474853515625
.358309268951416015625
-.151126861572265625
.51999950408935546875
-.091126918792724609375
.084928989410400390625
.360140323638916015625
.032393932342529296875
.53577423095703125
.021689891815185546875
.6716899871826171875
.37535190582275390625
-.7870426177978515625
0
.6140842437744140625
-.254226207733154296875
-.812958240509033203125
.5788726806640625
-.379578113555908203125
-.24070453643798828125
-.668169498443603515625
-.274648189544677734375
.23408412933349609375
-.420281887054443359375
.509577274322509765625
1.067605495452880859375
.93197154998779296875
-.68943691253662109375
.392534732818603515625
.3288726806640625
.461830615997314453125
.587323665618896484375
.36168956756591796875
-.034648418426513671875
-.02352142333984375
-.0856342315673828125
-.3067607879638671875
.02112674713134765625
.79971790313720703125
.959718227386474609375
-.303380489349365234375
-.664929866790771484375
.9871826171875
.40492916107177734375
0
0
0
0
0
0
0
0
0
0
0
0
0
0
0
0
0
0
0
0
0
0
0
-.084507465362548828125
0
0
0
0
0
0
0
0
0
0
0
1
0
0
0
0
0
0
0
0
0
0
0
0
0
0
4.140140533447265625
.406055927276611328125
-.749014377593994140625
-.218873500823974609375
1.0563373565673828125
.960985660552978515625
.332252979278564453125
-.133662700653076171875
-.36676120758056640625
-.30450725555419921875
1.009999752044677734375
.455492496490478515625
-.630281925201416015625
-.6394367218017578125
.549577236175537109375
-.01690196990966796875
.5367603302001953125
.586760044097900390625
-.01859188079833984375
.851830959320068359375
0
-.843662261962890625
.843098163604736328125
.8281688690185546875
-.384507656097412109375
-.428310394287109375
-.642817020416259765625
.337323665618896484375
.72140789031982421875
-.563662052154541015625
-.811126708984375
.9883098602294921875
-.2095775604248046875
-.4021129608154296875
-.49774646759033203125
-.629859447479248046875
-.31450748443603515625
-.832676410675048828125
.3692951202392578125
.47675991058349609375
.431408405303955078125
.505915164947509765625
.67746448516845703125
.742957592010498046875
-.815493106842041015625
.3388729095458984375
.05887317657470703125
-.533521175384521484375
.26028156280517578125
-.221268177032470703125
-.3302822113037109375
0
0
0
0
0
0
0
0
0
0
0
0
0
0
0
0
0
0
0
0
0
0
0
-.338028430938720703125
0
0
0
0
0
0
0
0
0
0
0
0
1
0
0
0
0
0
0
0
0
0
0
0
0
0
8.26656341552734375
-.51267719268798828125
.398169040679931640625
-.943521976470947265625
-.61605739593505859375
-.82183170318603515625
-.09704303741455078125
-.236057758331298828125
.311127185821533203125
.38408374786376953125
.20999908447265625
-.87591648101806640625
1.56338024139404296875
.09323883056640625
1.39507007598876953125
-.757184505462646484375
.988872528076171875
.268872737884521484375
.413097858428955078125
.028027057647705078125
0
1.50394344329833984375
-1.227184295654296875
1.09197139739990234375
.25408458709716796875
.609717845916748046875
1.343801975250244140625
.792111873626708984375
.013098239898681640625
1.393943309783935546875
-.326479434967041015625
-.309719562530517578125
-1.175072193145751953125
.435350894927978515625
1.042956829071044921875
-.691690921783447265625
.734084606170654296875
1.422111988067626953125
.748449802398681640625
.78887271881103515625
.37309741973876953125
.259013652801513671875
-.8895778656005859375
-.675493717193603515625
.725914478302001953125
.91352081298828125
.853520870208740234375
.282253265380859375
-.253381252288818359375
.485210418701171875
.663380146026611328125
0
0
0
0
0
0
0
0
0
0
0
0
0
0
0
0
0
0
0
0
0
0
0
1.05633831024169921875
0
0
0
0
0
0
0
0
0
0
0
0
0
1
0
0
0
0
0
0
0
0
0
0
0
0
2.3672389984130859375
-.6364803314208984375
-.16338062286376953125
.680421352386474609375
-.408874988555908203125
-.733380794525146484375
.330844402313232421875
-.0788745880126953125
1.077465057373046875
-1.09169101715087890625
.039998531341552734375
-.93169116973876953125
1.472394466400146484375
-.154788970947265625
1.698591709136962890625
.0236606597900390625
.0925350189208984375
.30253505706787109375
.1480274200439453125
-.03056430816650390625
0
1.3911266326904296875
-.746339321136474609375
-.169436931610107421875
.37831020355224609375
-.00436687469482421875
.283943653106689453125
.257746219635009765625
.95802783966064453125
1.051126956939697265625
.5095767974853515625
-.115635395050048828125
-.848593235015869140625
.282956600189208984375
.8908443450927734375
-.416198253631591796875
1.61830997467041015625
.917746067047119140625
1.040985107421875
1.442534923553466796875
-.921972751617431640625
1.329718112945556640625
-.838451385498046875
1.02985858917236328125
-.08831024169921875
-.500422954559326171875
-.430423259735107421875
1.074929714202880859375
-.2423954010009765625
.20577335357666015625
.96239376068115234375
0
0
0
0
0
0
0
0
0
0
0
0
0
0
0
0
0
0
0
0
0
0
0
.87324047088623046875
0
0
0
0
0
0
0
0
0
0
0
0
0
0
1
0
0
0
0
0
0
0
0
0
0
0
4.79621124267578125
.33408355712890625
1.136478900909423828125
.231689453125
.614505767822265625
-.053521633148193359375
.623379230499267578125
-.01549434661865234375
.97985935211181640625
-.986761569976806640625
-.070001125335693359375
.303238391876220703125
1.23957729339599609375
1.2408447265625
.444365978240966796875
.22464656829833984375
.51014041900634765625
.1501407623291015625
.442111492156982421875
.8477458953857421875
0
1.13450717926025390625
.544646739959716796875
-.0477466583251953125
-.016760349273681640625
.1625347137451171875
.77577495574951171875
-.049014568328857421875
-.397887706756591796875
-.32549285888671875
-.011690616607666015625
-.862535953521728515625
.335632801055908203125
.241830348968505859375
-.61662006378173828125
-.564789295196533203125
-.106760501861572265625
.02098560333251953125
-.5660572052001953125
-.0298595428466796875
-.35788822174072265625
.868873119354248046875
.896196842193603515625
-.3105640411376953125
1.226760387420654296875
.1283092498779296875
-.091690540313720703125
.519718170166015625
-.599578380584716796875
-.226902484893798828125
.489576816558837890625
0
0
0
0
0
0
0
0
0
0
0
0
0
0
0
0
0
0
0
0
0
0
0
.492958545684814453125
0
0
0
0
0
0
0
0
0
0
0
0
0
0
0
1
0
0
0
0
0
0
0
0
0
0
2.961844921112060546875
.422816753387451171875
-.730704784393310546875
.53633785247802734375
-.15309810638427734375
.84929561614990234375
-.25732421875
1.146901607513427734375
-1.32802867889404296875
.554647922515869140625
.110000133514404296875
.4046478271484375
.175915241241455078125
-.721830844879150390625
-1.361127376556396484375
1.554930210113525390625
.068027496337890625
-.431972503662109375
.57042217254638671875
.571548938751220703125
0
.206901073455810546875
1.504930019378662109375
-.93155002593994140625
-.7153530120849609375
.594506740570068359375
.319154262542724609375
-.95380306243896484375
.310422420501708984375
-1.413098812103271484375
.1536617279052734375
1.045493602752685546875
1.3211269378662109375
-.0656337738037109375
-.157324314117431640625
-.4829578399658203125
-1.525352954864501953125
.266196727752685546875
.724788665771484375
-1.13197231292724609375
.170422077178955078125
-.84422588348388671875
1.06323909759521484375
-.292112827301025390625
.13535213470458984375
-.96633815765380859375
.11366176605224609375
-.436056613922119140625
.314084529876708984375
.026619434356689453125
.655914783477783203125
0
0
0
0
0
0
0
0
0
0
0
0
0
0
0
0
0
0
0
0
0
0
0
-.901409149169921875
0
0
0
0
0
0
0
0
0
0
0
0
0
0
0
0
1
0
0
0
0
0
0
0
0
0
2.881168365478515625
.0361957550048828125
.5584506988525390625
.42394256591796875
-.982818126678466796875
-.861549854278564453125
-1.082113742828369140625
-1.142818450927734375
.89633846282958984375
-.775775909423828125
-.4800014495849609375
-.725776195526123046875
-.040985584259033203125
.18197154998779296875
.823520660400390625
.2608432769775390625
1.163661956787109375
.893661975860595703125
.32492828369140625
-.4885921478271484375
0
.717183589935302734375
-.52915668487548828125
-.351408481597900390625
.25422573089599609375
.455914974212646484375
.500140666961669921875
1.085633754730224609375
.344929218292236328125
.5171833038330078125
.066055774688720703125
-.56591701507568359375
-1.2535228729248046875
.607604503631591796875
.127886295318603515625
.325492382049560546875
.524225711822509765625
.52563381195068359375
.672534465789794921875
1.4036617279052734375
-.975071430206298828125
.3607044219970703125
-.6488742828369140625
-.534648895263671875
1.145774364471435546875
-.53394412994384765625
-.603944301605224609375
.98267650604248046875
.36098480224609375
-.97943782806396484375
-.710986614227294921875
0
0
0
0
0
0
0
0
0
0
0
0
0
0
0
0
0
0
0
0
0
0
0
.81690216064453125
0
0
0
0
0
0
0
0
0
0
0
0
0
0
0
0
0
1
0
0
0
0
0
0
0
0
7.84897136688232421875
.0273227691650390625
.808168888092041015625
-.193521976470947265625
-1.096057415008544921875
.328168392181396484375
-1.287043094635009765625
-.28605747222900390625
1.551126956939697265625
.174083709716796875
-1.480000972747802734375
-.2459163665771484375
.80338001251220703125
.703238964080810546875
.90507030487060546875
.052815914154052734375
.1588726043701171875
.14887237548828125
.103097438812255859375
-.06197261810302734375
0
1.323943614959716796875
-.63718414306640625
.58197116851806640625
1.724084377288818359375
.809717655181884765625
.87380218505859375
1.33211231231689453125
.8530979156494140625
.473943233489990234375
1.16352081298828125
.110280513763427734375
-.945072174072265625
.525351047515869140625
.382956981658935546875
.8783092498779296875
1.9740848541259765625
1.382112026214599609375
.458449840545654296875
.2488727569580078125
.12309741973876953125
1.899013996124267578125
.410421848297119140625
-.48549365997314453125
1.1659145355224609375
.513520717620849609375
.03352069854736328125
.512253284454345703125
.436618804931640625
-1.264789581298828125
.203380107879638671875
0
0
0
0
0
0
0
0
0
0
0
0
0
0
0
0
0
0
0
0
0
0
0
1.05633831024169921875
0
0
0
0
0
0
0
0
0
0
0
0
0
0
0
0
0
0
1
0
0
0
0
0
0
0
9.8112392425537109375
1.01563358306884765625
-1.09140872955322265625
.0026760101318359375
.843802928924560546875
1.008591175079345703125
-.37464809417724609375
.093802928924560546875
-1.246057033538818359375
-.3607044219970703125
1.230000019073486328125
.239295482635498046875
-1.2781696319580078125
-.30366230010986328125
-.362253665924072265625
.829859256744384765625
-.493943691253662109375
-.323944091796875
.930844783782958984375
-.2869014739990234375
0
.123802661895751953125
.489859104156494140625
.456901073455810546875
.2292957305908203125
-.04098606109619140625
-.451690196990966796875
-.0676059722900390625
.45084476470947265625
-1.106197357177734375
.19732379913330078125
.20098590850830078125
.33225345611572265625
-.481267452239990234375
-.85464763641357421875
-.365915775299072265625
.17929553985595703125
-1.077606201171875
-.110422611236572265625
-.6539440155029296875
.320845127105712890625
-.43845081329345703125
-.48352146148681640625
.17577457427978515625
-.93929576873779296875
.28732395172119140625
-.042676448822021484375
.327887058258056640625
.36816883087158203125
.81323909759521484375
-.168169498443603515625
0
0
0
0
0
0
0
0
0
0
0
0
0
0
0
0
0
0
0
0
0
0
0
-.80281734466552734375
0
0
0
0
0
0
0
0
0
0
0
0
0
0
0
0
0
0
0
1
0
0
0
0
0
0
9.83433818817138671875
.303943157196044921875
.379013538360595703125
-.63112735748291015625
.0436611175537109375
.119013309478759765625
.337746143341064453125
-.926338672637939453125
-.173239231109619140625
.1245059967041015625
-.01000118255615234375
-.57549381256103515625
.050282001495361328125
-.2805633544921875
-.039577960968017578125
-.283099651336669921875
.193238735198974609375
.47323894500732421875
.64859104156494140625
-.331831455230712890625
0
.703661441802978515625
.416900634765625
.09183025360107421875
.604506969451904296875
-.191690921783447265625
.252816677093505859375
-.37732410430908203125
-.26140880584716796875
-.39633846282958984375
.771126270294189453125
.18168926239013671875
.389576435089111328125
-.18788814544677734375
-.5622539520263671875
-.110141754150390625
.024507045745849609375
.87267589569091796875
.670703887939453125
.9232387542724609375
.448590755462646484375
.754084110260009765625
-.1774654388427734375
-.012958526611328125
.93549251556396484375
1.081126689910888671875
-.40887355804443359375
.6035213470458984375
.839717388153076171875
-.8987331390380859375
-.4597187042236328125
0
0
0
0
0
0
0
0
0
0
0
0
0
0
0
0
0
0
0
0
0
0
0
.338028430938720703125
0
0
0
0
0
0
0
0
0
0
0
0
0
0
0
0
0
0
0
0
1
0
0
0
0
0
4.0564365386962890625
-.3409862518310546875
.467746257781982421875
1.00028133392333984375
.44408416748046875
.427746295928955078125
-.309437274932861328125
-.52591609954833984375
.578309535980224609375
.71887302398681640625
.249999523162841796875
.988873004913330078125
-.09507083892822265625
-.199859619140625
.392393589019775390625
.82577419281005859375
.511689662933349609375
-.29831027984619140625
.44535160064697265625
.75295734405517578125
0
.5240840911865234375
.295773983001708984375
-.472958087921142578125
.0688724517822265625
.6104221343994140625
-.510704517364501953125
.431830883026123046875
.555351734161376953125
-.665915966033935546875
.529717922210693359375
.959577083587646484375
-.122394561767578125
.701971530914306640625
.870563030242919921875
-.187465190887451171875
-.021127223968505859375
.10183048248291015625
.6473236083984375
.261689662933349609375
-.144648075103759765625
-.22352123260498046875
.88436603546142578125
-.586760997772216796875
-.748873233795166015625
.929718017578125
.97971820831298828125
-.593380451202392578125
.325069904327392578125
-.742817401885986328125
-.75507068634033203125
0
0
0
0
0
0
0
0
0
0
0
0
0
0
0
0
0
0
0
0
0
0
0
-.084507465362548828125
0
0
0
0
0
0
0
0
0
0
0
0
0
0
0
0
0
0
0
0
0
1
0
0
0
0
7.45814037322998046875
-1.20000171661376953125
1.11999988555908203125
.66999912261962890625
-.90000152587890625
-.430000782012939453125
.069999217987060546875
.069998264312744140625
.599999904632568359375
-.320001125335693359375
.219998836517333984375
-.43000125885009765625
1.429999828338623046875
.93999958038330078125
.489999294281005859375
-.11000156402587890625
.449999332427978515625
.049999237060546875
.019999027252197265625
.349998950958251953125
0
1.740000247955322265625
-1.19000148773193359375
.169999599456787109375
.94999980926513671875
-.070000171661376953125
.31999969482421875
.5599994659423828125
.27999973297119140625
1.61999988555908203125
.249999523162841796875
.1799983978271484375
-.970001220703125
-.020000934600830078125
.66999912261962890625
.9699993133544921875
.56999969482421875
.5599994659423828125
.8599987030029296875
.989999294281005859375
-.58000087738037109375
.289999485015869140625
-.25000095367431640625
-.54000091552734375
-.16000080108642578125
.659999370574951171875
-.22000026702880859375
.709999561309814453125
-.660001277923583984375
.239999294281005859375
.839999675750732421875
0
0
0
0
0
0
0
0
0
0
0
0
0
0
0
0
0
0
0
0
0
0
0
1.000000476837158203125
0
0
0
0
0
0
0
0
0
0
0
0
0
0
0
0
0
0
0
0
0
0
1
0
0
0
7.890999317169189453125
.332394123077392578125
-.753098964691162109375
-.042112827301025390625
.94436550140380859375
.936900615692138671875
.435774326324462890625
.28436565399169921875
-.417324066162109375
-.09154987335205078125
.759999752044677734375
-.361549854278564453125
-1.011971950531005859375
-.2960567474365234375
-.9829578399658203125
.771689891815185546875
-.332676410675048828125
.097323894500732421875
.229858875274658203125
-.507183551788330078125
0
-.8356342315673828125
.70168972015380859375
.857182979583740234375
-.701549530029296875
.53183078765869140625
-.99971866607666015625
.41126728057861328125
-.550140857696533203125
-.235634326934814453125
.822112560272216796875
.11816883087158203125
1.27295780181884765625
-.564789295196533203125
-.6142253875732421875
-.499014377593994140625
-1.15154933929443359375
-.868732929229736328125
.89507007598876953125
.227324008941650390625
.009858608245849609375
-1.078591823577880859375
-.397746562957763671875
.560703754425048828125
-.19845104217529296875
.192112445831298828125
.64211273193359375
.41535186767578125
-.348028659820556640625
.6211261749267578125
-.1019725799560546875
0
0
0
0
0
0
0
0
0
0
0
0
0
0
0
0
0
0
0
0
0
0
0
-.366197109222412109375
0
0
0
0
0
0
0
0
0
0
0
0
0
0
0
0
0
0
0
0
0
0
0
1
0
0
5.1689434051513671875
.3269023895263671875
.025774478912353515625
.32802867889404296875
.391409397125244140625
.285774707794189453125
.32605648040771484375
1.04140949249267578125
-1.41816997528076171875
1.327888011932373046875
1.980000972747802734375
.167888164520263671875
-.804507732391357421875
-1.0709857940673828125
-.826760768890380859375
1.4995784759521484375
-.311830997467041015625
-.04183101654052734375
1.152535915374755859375
.149296283721923828125
0
-.86859226226806640625
.37957859039306640625
-1.009295940399169921875
-.9321136474609375
-.262958049774169921875
-1.41507053375244140625
-.03281688690185546875
-.047464847564697265625
-1.218592166900634765625
-.128028392791748046875
.552958965301513671875
1.946761608123779296875
.91619777679443359375
.5460567474365234375
-.037746429443359375
-1.8321132659912109375
-.6628170013427734375
.648732662200927734375
-.401831150054931640625
.212535858154296875
-1.595352649688720703125
1.129436969757080078125
-.42267608642578125
-.4378871917724609375
.461971759796142578125
-1.0980281829833984375
-.576338291168212890625
.794507503509521484375
.199718952178955078125
-.0045070648193359375
0
0
0
0
0
0
0
0
0
0
0
0
0
0
0
0
0
0
0
0
0
0
0
-1.408451557159423828125
0
0
0
0
0
0
0
0
0
0
0
0
0
0
0
0
0
0
0
0
0
0
0
0
1
0
2.578013896942138671875
.938731670379638671875
-.77718353271484375
.424647808074951171875
.122394084930419921875
.742816448211669921875
.359294891357421875
.372394084930419921875
-1.08788776397705078125
.501408100128173828125
-.1100006103515625
.411407947540283203125
-.9236621856689453125
-.1826763153076171875
-.535493373870849609375
.1302814483642578125
.497887134552001953125
.457887172698974609375
.938309192657470703125
.493802547454833984375
0
-.077606201171875
.1302814483642578125
.62619686126708984375
.331408023834228515625
-.448028564453125
.353379726409912109375
-.664788722991943359375
.798309803009033203125
.60239410400390625
.475351810455322265625
.79802799224853515625
-.264507770538330078125
-.3174648284912109375
-.100704669952392578125
.7218303680419921875
-1.138591766357421875
-.44478893280029296875
-.229155063629150390625
-1.02211284637451171875
1.028309345245361328125
.5269012451171875
.977041721343994140625
-.131549835205078125
-.281408786773681640625
.185351848602294921875
.4953517913818359375
-.625774860382080078125
.03366184234619140625
1.1735210418701171875
-.123662471771240234375
0
0
0
0
0
0
0
0
0
0
0
0
0
0
0
0
0
0
0
0
0
0
0
-.39436626434326171875
0
0
0
0
0
0
0
0
0
0
0
0
0
0
0
0
0
0
0
0
0
0
0
0
0
1
8.84032344818115234375
-2.982961177825927734375
-.14675998687744140625
-1.389156818389892578125
-2.717749118804931640625
-2.356761455535888671875
-2.158311367034912109375
-3.1677494049072265625
1.744930744171142578125
-3.013382434844970703125
-3.44000244140625
-2.893382549285888671875
1.934789180755615234375
.200421810150146484375
1.737183094024658203125
-3.512679576873779296875
1.29506969451904296875
1.1750698089599609375
-1.093945980072021484375
.57887172698974609375
0
1.852253437042236328125
-2.422679424285888671875
-.628873348236083984375
.806621074676513671875
.39126682281494140625
.337886810302734375
.9054927825927734375
.426055431365966796875
.572253704071044921875
-.24084568023681640625
-2.271270751953125
-3.1571865081787109375
-1.1440868377685546875
.591688632965087890625
-1.532395839691162109375
.90662097930908203125
.675492763519287109375
.031970500946044921875
.375070095062255859375
-1.463945865631103515625
.999436855316162109375
-1.616902828216552734375
-.120282649993896484375
.4533786773681640625
-.470845699310302734375
.609154224395751953125
.639859676361083984375
-2.014791011810302734375
-3.048452854156494140625
-1.5552120208740234375
0
0
0
0
0
0
0
0
0
0
0
0
0
0
0
0
0
0
0
0
0
0
0
2.746480464935302734375
0
0
0
0
0
0
0
0
0
0
0
0
0
0
0
0
0
0
0
0
0
0
0
0
0
0
.255422115325927734375