-.580000400543212890625
.5
-.240000247955322265625
-.64000034332275390625
-.21000003814697265625
-.480000019073486328125
-.64000034332275390625
.730000019073486328125
-.46000003814697265625
-.71000003814697265625
-.46000003814697265625
.769999980926513671875
.589999675750732421875
.799999713897705078125
-.660000324249267578125
.68999958038330078125
.68999958038330078125
-.30000019073486328125
.31999969482421875
.709999561309814453125
.77999973297119140625
-.660000324249267578125
.389999866485595703125
.96000003814697265625
.349999904632568359375
.599999904632568359375
.56999969482421875
.409999847412109375
.77999973297119140625
.2399997711181640625
-.3500003814697265625
-.80000019073486328125
-.2600002288818359375
.229999542236328125
-.030000209808349609375
.96000003814697265625
.56999969482421875
.1499996185302734375
.68999958038330078125
-.30000019073486328125
.86999988555908203125
-.1700000762939453125
.0799999237060546875
.459999561309814453125
.2399997711181640625
.2399997711181640625
.75
-.06000041961669921875
-.440000057220458984375
.059999942779541015625
0
0
0
0
0
0
0
0
0
0
0
0
0
0
0
0
0
0
0
0
0
0
0
1
0
0
0
0
0
0
0
0
0
0
0
0
0
0
0
0
0
0
0
0
0
0
0
0
0
0
.092999935150146484375
.0799999237060546875
-.75
-.120000362396240234375
-.480000019073486328125
-.530000209808349609375
.459999561309814453125
-.240000247955322265625
-.1700000762939453125
-.190000057220458984375
.77999973297119140625
.61999988555908203125
.209999561309814453125
-.370000362396240234375
.769999980926513671875
.85999965667724609375
1
.31999969482421875
-.040000438690185546875
-.150000095367431640625
-.280000209808349609375
-.480000019073486328125
-.3500003814697265625
.169999599456787109375
-.71000003814697265625
-.21000003814697265625
-.580000400543212890625
-.780000209808349609375
-.030000209808349609375
-.39000034332275390625
-.780000209808349609375
-.1000003814697265625
-.71000003814697265625
-.71000003814697265625
-.6000003814697265625
.2399997711181640625
-.440000057220458984375
-.530000209808349609375
.81999969482421875
.209999561309814453125
.099999904632568359375
-.620000362396240234375
.43999958038330078125
-.690000057220458984375
-.1700000762939453125
.81999969482421875
-.22000026702880859375
.43999958038330078125
.75
-.6700000762939453125
-.71000003814697265625
1
0
0
0
0
0
0
0
0
0
0
0
0
0
0
0
0
0
0
0
0
0
0
0
0
0
0
0
0
0
0
0
0
0
0
0
0
0
0
0
0
0
0
0
0
0
0
0
0
0
1.77999973297119140625
-.530000209808349609375
-.330000400543212890625
.36999988555908203125
.43999958038330078125
.389999866485595703125
.96000003814697265625
.679999828338623046875
-.780000209808349609375
-.06000041961669921875
-.1000003814697265625
-.75
-.55000019073486328125
.61999988555908203125
-.040000438690185546875
.27999973297119140625
-.150000095367431640625
.94999980926513671875
.549999713897705078125
.27999973297119140625
.769999980926513671875
.259999752044677734375
-.730000019073486328125
.18999958038330078125
.980000019073486328125
-.080000400543212890625
.61999988555908203125
.36999988555908203125
-.040000438690185546875
.349999904632568359375
.509999752044677734375
.059999942779541015625
-.570000171661376953125
-.21000003814697265625
.02999973297119140625
.68999958038330078125
1
.599999904632568359375
.980000019073486328125
-.1700000762939453125
-.46000003814697265625
.480000019073486328125
.5
.409999847412109375
.099999904632568359375
-.55000019073486328125
-.31000041961669921875
-.440000057220458984375
-.6000003814697265625
-.150000095367431640625
-.570000171661376953125
0
1
0
0
0
0
0
0
0
0
0
0
0
0
0
0
0
0
0
0
0
0
0
0
0
0
0
0
0
0
0
0
0
0
0
0
0
0
0
0
0
0
0
0
0
0
0
0
0
0
6.812999725341796875
.980000019073486328125
.909999847412109375
.139999866485595703125
.77999973297119140625
-.31000041961669921875
.85999965667724609375
1
.86999988555908203125
.419999599456787109375
.349999904632568359375
.36999988555908203125
-.5100002288818359375
.599999904632568359375
.980000019073486328125
.3299999237060546875
.889999866485595703125
-.240000247955322265625
-.06000041961669921875
.86999988555908203125
-.80000019073486328125
.889999866485595703125
.349999904632568359375
.509999752044677734375
.909999847412109375
.049999713897705078125
.77999973297119140625
-.400000095367431640625
-.780000209808349609375
-.21000003814697265625
.85999965667724609375
.0799999237060546875
.36999988555908203125
.769999980926513671875
-.80000019073486328125
.1499996185302734375
-.55000019073486328125
.86999988555908203125
.769999980926513671875
-.06000041961669921875
.909999847412109375
.11999988555908203125
-.690000057220458984375
-.6000003814697265625
.31999969482421875
-.120000362396240234375
-.6700000762939453125
.209999561309814453125
-.75
.68999958038330078125
.68999958038330078125
0
0
1
0
0
0
0
0
0
0
0
0
0
0
0
0
0
0
0
0
0
0
0
0
0
0
0
0
0
0
0
0
0
0
0
0
0
0
0
0
0
0
0
0
0
0
0
0
0
0
2.98499965667724609375
-.730000019073486328125
-.620000362396240234375
.639999866485595703125
.589999675750732421875
-.71000003814697265625
-.31000041961669921875
.36999988555908203125
.299999713897705078125
.3299999237060546875
-.240000247955322265625
.1499996185302734375
-.6000003814697265625
.94999980926513671875
.52999973297119140625
-.580000400543212890625
.709999561309814453125
-.400000095367431640625
-.1000003814697265625
.459999561309814453125
.349999904632568359375
-.190000057220458984375
-.4200000762939453125
-.75
.639999866485595703125
-.490000247955322265625
-.040000438690185546875
.77999973297119140625
.52999973297119140625
.02999973297119140625
-.75
.209999561309814453125
.730000019073486328125
-.55000019073486328125
-.150000095367431640625
.31999969482421875
.1499996185302734375
.96000003814697265625
.27999973297119140625
-.55000019073486328125
.299999713897705078125
.85999965667724609375
-.780000209808349609375
.509999752044677734375
.799999713897705078125
.56999969482421875
.75
-.690000057220458984375
-.22000026702880859375
.259999752044677734375
.589999675750732421875
0
0
0
1
0
0
0
0
0
0
0
0
0
0
0
0
0
0
0
0
0
0
0
0
0
0
0
0
0
0
0
0
0
0
0
0
0
0
0
0
0
0
0
0
0
0
0
0
0
0
2.9029998779296875
.94999980926513671875
.889999866485595703125
-.240000247955322265625
-.80000019073486328125
.509999752044677734375
.0799999237060546875
.589999675750732421875
.909999847412109375
.209999561309814453125
.229999542236328125
.980000019073486328125
-.580000400543212890625
-.06000041961669921875
.02999973297119140625
.68999958038330078125
-.75
1
-.55000019073486328125
.96000003814697265625
.059999942779541015625
-.64000034332275390625
.81999969482421875
.099999904632568359375
.679999828338623046875
-.580000400543212890625
.27999973297119140625
-.780000209808349609375
-.480000019073486328125
.86999988555908203125
.27999973297119140625
-.280000209808349609375
-.39000034332275390625
.77999973297119140625
.299999713897705078125
.229999542236328125
.299999713897705078125
-.64000034332275390625
-.190000057220458984375
.799999713897705078125
.389999866485595703125
-.370000362396240234375
.77999973297119140625
-.580000400543212890625
.389999866485595703125
-.190000057220458984375
-.280000209808349609375
-.75
.419999599456787109375
-.0100002288818359375
-.80000019073486328125
0
0
0
0
1
0
0
0
0
0
0
0
0
0
0
0
0
0
0
0
0
0
0
0
0
0
0
0
0
0
0
0
0
0
0
0
0
0
0
0
0
0
0
0
0
0
0
0
0
0
1.9479999542236328125
-.5100002288818359375
.169999599456787109375
-.370000362396240234375
.409999847412109375
.459999561309814453125
.459999561309814453125
.299999713897705078125
-.730000019073486328125
.799999713897705078125
.77999973297119140625
.980000019073486328125
.139999866485595703125
-.0100002288818359375
.769999980926513671875
-.580000400543212890625
-.780000209808349609375
.659999847412109375
-.400000095367431640625
.459999561309814453125
.459999561309814453125
-.400000095367431640625
.909999847412109375
.85999965667724609375
.43999958038330078125
.909999847412109375
-.3500003814697265625
.980000019073486328125
.96000003814697265625
.889999866485595703125
.589999675750732421875
-.22000026702880859375
-.030000209808349609375
.36999988555908203125
.229999542236328125
-.620000362396240234375
-.190000057220458984375
-.31000041961669921875
-.730000019073486328125
.509999752044677734375
.099999904632568359375
.86999988555908203125
.5
-.780000209808349609375
.480000019073486328125
.86999988555908203125
.059999942779541015625
.509999752044677734375
-.6700000762939453125
-.730000019073486328125
.56999969482421875
0
0
0
0
0
1
0
0
0
0
0
0
0
0
0
0
0
0
0
0
0
0
0
0
0
0
0
0
0
0
0
0
0
0
0
0
0
0
0
0
0
0
0
0
0
0
0
0
0
0
6.042999744415283203125
.599999904632568359375
-.31000041961669921875
.480000019073486328125
.43999958038330078125
.94999980926513671875
.980000019073486328125
-.30000019073486328125
-.280000209808349609375
-.2600002288818359375
.209999561309814453125
-.690000057220458984375
.3299999237060546875
1
.5
.169999599456787109375
-.030000209808349609375
-.080000400543212890625
-.55000019073486328125
.679999828338623046875
-.570000171661376953125
.980000019073486328125
-.660000324249267578125
-.46000003814697265625
-.80000019073486328125
.61999988555908203125
.009999752044677734375
.68999958038330078125
.139999866485595703125
.1499996185302734375
.77999973297119140625
-.30000019073486328125
-.2600002288818359375
.0799999237060546875
-.22000026702880859375
-.21000003814697265625
.02999973297119140625
-.240000247955322265625
.929999828338623046875
-.64000034332275390625
.31999969482421875
.139999866485595703125
-.5100002288818359375
.259999752044677734375
.730000019073486328125
-.4200000762939453125
-.570000171661376953125
.31999969482421875
.929999828338623046875
-.30000019073486328125
-.0100002288818359375
0
0
0
0
0
0
1
0
0
0
0
0
0
0
0
0
0
0
0
0
0
0
0
0
0
0
0
0
0
0
0
0
0
0
0
0
0
0
0
0
0
0
0
0
0
0
0
0
0
0
2.785999774932861328125
-.040000438690185546875
-.330000400543212890625
.1499996185302734375
.31999969482421875
.299999713897705078125
-.22000026702880859375
-.6700000762939453125
.589999675750732421875
-.490000247955322265625
.27999973297119140625
.36999988555908203125
.02999973297119140625
-.370000362396240234375
-.570000171661376953125
-.580000400543212890625
.85999965667724609375
.889999866485595703125
.599999904632568359375
.77999973297119140625
-.7600002288818359375
.52999973297119140625
.52999973297119140625
.1499996185302734375
.409999847412109375
.86999988555908203125
-.660000324249267578125
.639999866485595703125
.18999958038330078125
-.75
-.040000438690185546875
1
.02999973297119140625
-.7600002288818359375
.139999866485595703125
-.040000438690185546875
.94999980926513671875
-.480000019073486328125
.68999958038330078125
.52999973297119140625
-.150000095367431640625
-.030000209808349609375
.509999752044677734375
-.530000209808349609375
-.780000209808349609375
.769999980926513671875
-.30000019073486328125
.889999866485595703125
-.570000171661376953125
-.1000003814697265625
-.530000209808349609375
0
0
0
0
0
0
0
1
0
0
0
0
0
0
0
0
0
0
0
0
0
0
0
0
0
0
0
0
0
0
0
0
0
0
0
0
0
0
0
0
0
0
0
0
0
0
0
0
0
0
4.215000152587890625
.099999904632568359375
.049999713897705078125
-.39000034332275390625
-.75
-.570000171661376953125
-.530000209808349609375
-.6000003814697265625
.889999866485595703125
.480000019073486328125
-.530000209808349609375
.459999561309814453125
.459999561309814453125
.929999828338623046875
-.71000003814697265625
.209999561309814453125
-.120000362396240234375
-.7600002288818359375
.549999713897705078125
-.4200000762939453125
.589999675750732421875
-.620000362396240234375
.980000019073486328125
.709999561309814453125
-.330000400543212890625
-.190000057220458984375
.459999561309814453125
.799999713897705078125
.31999969482421875
-.490000247955322265625
.31999969482421875
.599999904632568359375
.419999599456787109375
-.660000324249267578125
-.80000019073486328125
.5
-.400000095367431640625
.099999904632568359375
-.490000247955322265625
.099999904632568359375
-.4200000762939453125
.409999847412109375
.169999599456787109375
.85999965667724609375
.3299999237060546875
.27999973297119140625
.679999828338623046875
-.190000057220458984375
.3299999237060546875
.209999561309814453125
.81999969482421875
0
0
0
0
0
0
0
0
1
0
0
0
0
0
0
0
0
0
0
0
0
0
0
0
0
0
0
0
0
0
0
0
0
0
0
0
0
0
0
0
0
0
0
0
0
0
0
0
0
0
8.26500034332275390625
.52999973297119140625
.409999847412109375
-.4200000762939453125
.229999542236328125
-.31000041961669921875
.209999561309814453125
.299999713897705078125
.099999904632568359375
.11999988555908203125
.61999988555908203125
-.6000003814697265625
.3299999237060546875
.049999713897705078125
-.440000057220458984375
.96000003814697265625
.1499996185302734375
.589999675750732421875
.059999942779541015625
.459999561309814453125
.299999713897705078125
.43999958038330078125
-.13000011444091796875
-.530000209808349609375
.909999847412109375
-.21000003814697265625
.549999713897705078125
.56999969482421875
.419999599456787109375
.5
-.22000026702880859375
.85999965667724609375
.61999988555908203125
-.21000003814697265625
-.570000171661376953125
.459999561309814453125
.909999847412109375
-.7600002288818359375
-.240000247955322265625
.009999752044677734375
.169999599456787109375
-.0100002288818359375
.229999542236328125
-.490000247955322265625
.85999965667724609375
-.6000003814697265625
-.55000019073486328125
.61999988555908203125
-.400000095367431640625
.3299999237060546875
.0799999237060546875
0
0
0
0
0
0
0
0
0
1
0
0
0
0
0
0
0
0
0
0
0
0
0
0
0
0
0
0
0
0
0
0
0
0
0
0
0
0
0
0
0
0
0
0
0
0
0
0
0
0
4.342999935150146484375
.709999561309814453125
.389999866485595703125
-.46000003814697265625
-.22000026702880859375
.27999973297119140625
.1499996185302734375
-.06000041961669921875
-.150000095367431640625
.18999958038330078125
-.570000171661376953125
-.7600002288818359375
.659999847412109375
-.330000400543212890625
-.150000095367431640625
.889999866485595703125
.94999980926513671875
-.240000247955322265625
-.2600002288818359375
-.30000019073486328125
-.620000362396240234375
.730000019073486328125
.509999752044677734375
-.80000019073486328125
-.150000095367431640625
.980000019073486328125
-.580000400543212890625
.11999988555908203125
.589999675750732421875
.419999599456787109375
.049999713897705078125
.27999973297119140625
.75
-.570000171661376953125
.639999866485595703125
-.480000019073486328125
-.6700000762939453125
.409999847412109375
.27999973297119140625
-.0100002288818359375
.209999561309814453125
-.690000057220458984375
.659999847412109375
-.150000095367431640625
-.21000003814697265625
-.490000247955322265625
.349999904632568359375
-.280000209808349609375
.68999958038330078125
.909999847412109375
.85999965667724609375
0
0
0
0
0
0
0
0
0
0
1
0
0
0
0
0
0
0
0
0
0
0
0
0
0
0
0
0
0
0
0
0
0
0
0
0
0
0
0
0
0
0
0
0
0
0
0
0
0
0
3.05700016021728515625
.86999988555908203125
.639999866485595703125
.96000003814697265625
.889999866485595703125
-.5100002288818359375
.94999980926513671875
-.080000400543212890625
-.80000019073486328125
-.6700000762939453125
-.040000438690185546875
.679999828338623046875
.409999847412109375
-.31000041961669921875
-.280000209808349609375
.659999847412109375
.639999866485595703125
-.150000095367431640625
.049999713897705078125
-.1000003814697265625
-.55000019073486328125
-.75
.639999866485595703125
.909999847412109375
.52999973297119140625
-.570000171661376953125
.02999973297119140625
-.120000362396240234375
.589999675750732421875
-.30000019073486328125
-.21000003814697265625
.419999599456787109375
.18999958038330078125
.049999713897705078125
.389999866485595703125
.68999958038330078125
.94999980926513671875
.94999980926513671875
-.39000034332275390625
.96000003814697265625
-.75
.980000019073486328125
.639999866485595703125
-.730000019073486328125
-.330000400543212890625
-.030000209808349609375
.75
-.690000057220458984375
.639999866485595703125
.409999847412109375
.639999866485595703125
0
0
0
0
0
0
0
0
0
0
0
1
0
0
0
0
0
0
0
0
0
0
0
0
0
0
0
0
0
0
0
0
0
0
0
0
0
0
0
0
0
0
0
0
0
0
0
0
0
0
6.79699993133544921875
-.31000041961669921875
-.75
.27999973297119140625
.209999561309814453125
.599999904632568359375
-.690000057220458984375
-.7600002288818359375
-.530000209808349609375
-.490000247955322265625
.36999988555908203125
.68999958038330078125
-.46000003814697265625
-.440000057220458984375
-.280000209808349609375
-.46000003814697265625
-.75
-.330000400543212890625
-.530000209808349609375
.27999973297119140625
.2399997711181640625
.1499996185302734375
.259999752044677734375
.5
.2399997711181640625
.75
-.530000209808349609375
.599999904632568359375
-.330000400543212890625
-.30000019073486328125
-.0100002288818359375
-.71000003814697265625
.81999969482421875
.059999942779541015625
1
.02999973297119140625
-.330000400543212890625
-.080000400543212890625
.0799999237060546875
.56999969482421875
.839999675750732421875
-.570000171661376953125
.85999965667724609375
-.620000362396240234375
-.190000057220458984375
.18999958038330078125
-.280000209808349609375
.480000019073486328125
.679999828338623046875
.61999988555908203125
-.240000247955322265625
0
0
0
0
0
0
0
0
0
0
0
0
1
0
0
0
0
0
0
0
0
0
0
0
0
0
0
0
0
0
0
0
0
0
0
0
0
0
0
0
0
0
0
0
0
0
0
0
0
0
.59200000762939453125
.52999973297119140625
-.22000026702880859375
.839999675750732421875
.02999973297119140625
-.370000362396240234375
-.620000362396240234375
.929999828338623046875
-.7600002288818359375
.480000019073486328125
-.370000362396240234375
.049999713897705078125
-.620000362396240234375
-.55000019073486328125
-.280000209808349609375
-.030000209808349609375
.909999847412109375
.799999713897705078125
.709999561309814453125
-.030000209808349609375
.980000019073486328125
.549999713897705078125
.229999542236328125
.839999675750732421875
-.480000019073486328125
-.3500003814697265625
.02999973297119140625
.679999828338623046875
-.2600002288818359375
.31999969482421875
.299999713897705078125
.31999969482421875
-.150000095367431640625
.889999866485595703125
.769999980926513671875
-.5100002288818359375
.139999866485595703125
-.240000247955322265625
-.6000003814697265625
.18999958038330078125
-.780000209808349609375
.459999561309814453125
-.1700000762939453125
.02999973297119140625
-.490000247955322265625
.980000019073486328125
.81999969482421875
-.580000400543212890625
.77999973297119140625
-.690000057220458984375
.209999561309814453125
0
0
0
0
0
0
0
0
0
0
0
0
0
1
0
0
0
0
0
0
0
0
0
0
0
0
0
0
0
0
0
0
0
0
0
0
0
0
0
0
0
0
0
0
0
0
0
0
0
0
6.252000331878662109375
.75
-.530000209808349609375
.049999713897705078125
-.620000362396240234375
-.190000057220458984375
-.71000003814697265625
.81999969482421875
-.5100002288818359375
-.150000095367431640625
.139999866485595703125
.599999904632568359375
.96000003814697265625
.77999973297119140625
-.71000003814697265625
-.480000019073486328125
-.730000019073486328125
.2399997711181640625
.68999958038330078125
.099999904632568359375
.02999973297119140625
.730000019073486328125
-.46000003814697265625
-.530000209808349609375
-.240000247955322265625
-.13000011444091796875
-.55000019073486328125
.169999599456787109375
.099999904632568359375
-.780000209808349609375
.299999713897705078125
-.71000003814697265625
-.4200000762939453125
.589999675750732421875
.769999980926513671875
.389999866485595703125
-.620000362396240234375
.86999988555908203125
.209999561309814453125
.299999713897705078125
-.30000019073486328125
-.6700000762939453125
.5
.27999973297119140625
-.280000209808349609375
.599999904632568359375
.61999988555908203125
.419999599456787109375
.43999958038330078125
.31999969482421875
-.490000247955322265625
0
0
0
0
0
0
0
0
0
0
0
0
0
0
1
0
0
0
0
0
0
0
0
0
0
0
0
0
0
0
0
0
0
0
0
0
0
0
0
0
0
0
0
0
0
0
0
0
0
0
1.40100002288818359375
.0799999237060546875
.659999847412109375
-.13000011444091796875
.36999988555908203125
.009999752044677734375
-.660000324249267578125
.639999866485595703125
1
.259999752044677734375
-.530000209808349609375
.909999847412109375
.980000019073486328125
.480000019073486328125
.5
.730000019073486328125
-.150000095367431640625
-.5100002288818359375
.599999904632568359375
.86999988555908203125
.589999675750732421875
-.080000400543212890625
-.190000057220458984375
.0799999237060546875
-.80000019073486328125
.349999904632568359375
.299999713897705078125
-.580000400543212890625
-.240000247955322265625
.349999904632568359375
-.660000324249267578125
.68999958038330078125
-.570000171661376953125
.799999713897705078125
.169999599456787109375
-.580000400543212890625
.419999599456787109375
.3299999237060546875
-.3500003814697265625
-.780000209808349609375
.209999561309814453125
-.06000041961669921875
.94999980926513671875
.169999599456787109375
.009999752044677734375
-.7600002288818359375
.509999752044677734375
.679999828338623046875
-.480000019073486328125
.730000019073486328125
-.660000324249267578125
0
0
0
0
0
0
0
0
0
0
0
0
0
0
0
1
0
0
0
0
0
0
0
0
0
0
0
0
0
0
0
0
0
0
0
0
0
0
0
0
0
0
0
0
0
0
0
0
0
0
7.889000415802001953125
.929999828338623046875
-.370000362396240234375
-.040000438690185546875
.61999988555908203125
-.3500003814697265625
-.690000057220458984375
.52999973297119140625
.5
.5
-.13000011444091796875
.639999866485595703125
.799999713897705078125
.730000019073486328125
-.7600002288818359375
-.030000209808349609375
.94999980926513671875
-.730000019073486328125
-.080000400543212890625
-.400000095367431640625
-.690000057220458984375
.929999828338623046875
.96000003814697265625
-.13000011444091796875
.709999561309814453125
-.030000209808349609375
-.080000400543212890625
.229999542236328125
.259999752044677734375
.86999988555908203125
-.040000438690185546875
.409999847412109375
-.400000095367431640625
.409999847412109375
-.64000034332275390625
-.780000209808349609375
-.3500003814697265625
.099999904632568359375
.549999713897705078125
.96000003814697265625
.18999958038330078125
.02999973297119140625
-.6000003814697265625
-.0100002288818359375
-.240000247955322265625
-.55000019073486328125
-.440000057220458984375
-.30000019073486328125
-.46000003814697265625
.299999713897705078125
.11999988555908203125
0
0
0
0
0
0
0
0
0
0
0
0
0
0
0
0
1
0
0
0
0
0
0
0
0
0
0
0
0
0
0
0
0
0
0
0
0
0
0
0
0
0
0
0
0
0
0
0
0
0
4.826000213623046875
.27999973297119140625
.839999675750732421875
.679999828338623046875
.96000003814697265625
.549999713897705078125
-.3500003814697265625
.480000019073486328125
-.22000026702880859375
.709999561309814453125
.349999904632568359375
.52999973297119140625
.730000019073486328125
.75
.549999713897705078125
-.30000019073486328125
-.4200000762939453125
-.80000019073486328125
.61999988555908203125
.94999980926513671875
-.240000247955322265625
.419999599456787109375
.589999675750732421875
-.030000209808349609375
.009999752044677734375
-.6700000762939453125
.229999542236328125
1
.459999561309814453125
-.620000362396240234375
.299999713897705078125
.169999599456787109375
.459999561309814453125
.11999988555908203125
-.150000095367431640625
-.780000209808349609375
.27999973297119140625
.31999969482421875
.509999752044677734375
.85999965667724609375
.639999866485595703125
-.150000095367431640625
.389999866485595703125
.36999988555908203125
-.400000095367431640625
-.06000041961669921875
.889999866485595703125
-.0100002288818359375
.549999713897705078125
-.71000003814697265625
.52999973297119140625
0
0
0
0
0
0
0
0
0
0
0
0
0
0
0
0
0
1
0
0
0
0
0
0
0
0
0
0
0
0
0
0
0
0
0
0
0
0
0
0
0
0
0
0
0
0
0
0
0
0
5.242000102996826171875
-.690000057220458984375
.52999973297119140625
.730000019073486328125
.709999561309814453125
.1499996185302734375
.86999988555908203125
.549999713897705078125
.1499996185302734375
.31999969482421875
.730000019073486328125
.049999713897705078125
-.5100002288818359375
.799999713897705078125
-.22000026702880859375
.1499996185302734375
.839999675750732421875
.86999988555908203125
.0799999237060546875
.3299999237060546875
.730000019073486328125
-.30000019073486328125
-.21000003814697265625
.730000019073486328125
.889999866485595703125
.81999969482421875
.259999752044677734375
.769999980926513671875
.419999599456787109375
-.190000057220458984375
.86999988555908203125
.56999969482421875
.549999713897705078125
-.80000019073486328125
.27999973297119140625
.259999752044677734375
.1499996185302734375
.1499996185302734375
.409999847412109375
-.080000400543212890625
.0799999237060546875
.139999866485595703125
.77999973297119140625
1
-.06000041961669921875
-.440000057220458984375
.769999980926513671875
.389999866485595703125
.02999973297119140625
-.1700000762939453125
.3299999237060546875
0
0
0
0
0
0
0
0
0
0
0
0
0
0
0
0
0
0
1
0
0
0
0
0
0
0
0
0
0
0
0
0
0
0
0
0
0
0
0
0
0
0
0
0
0
0
0
0
0
0
4.72700023651123046875
-.240000247955322265625
.349999904632568359375
.94999980926513671875
.0799999237060546875
.85999965667724609375
.769999980926513671875
-.660000324249267578125
.61999988555908203125
.77999973297119140625
.589999675750732421875
-.71000003814697265625
.349999904632568359375
.75
-.1000003814697265625
-.370000362396240234375
.61999988555908203125
-.330000400543212890625
-.620000362396240234375
.02999973297119140625
.409999847412109375
.27999973297119140625
-.22000026702880859375
.77999973297119140625
.86999988555908203125
-.6700000762939453125
-.040000438690185546875
.639999866485595703125
.509999752044677734375
.799999713897705078125
-.530000209808349609375
-.150000095367431640625
.1499996185302734375
-.570000171661376953125
-.22000026702880859375
-.7600002288818359375
-.730000019073486328125
.1499996185302734375
.009999752044677734375
-.490000247955322265625
-.06000041961669921875
.209999561309814453125
-.400000095367431640625
-.730000019073486328125
-.040000438690185546875
.31999969482421875
.3299999237060546875
.18999958038330078125
-.400000095367431640625
.52999973297119140625
-.80000019073486328125
0
0
0
0
0
0
0
0
0
0
0
0
0
0
0
0
0
0
0
1
0
0
0
0
0
0
0
0
0
0
0
0
0
0
0
0
0
0
0
0
0
0
0
0
0
0
0
0
0
0
9.52999973297119140625
.81999969482421875
.409999847412109375
.409999847412109375
-.6000003814697265625
.27999973297119140625
.52999973297119140625
.1499996185302734375
-.080000400543212890625
.049999713897705078125
.56999969482421875
.799999713897705078125
.709999561309814453125
-.280000209808349609375
-.7600002288818359375
.099999904632568359375
.389999866485595703125
-.06000041961669921875
-.150000095367431640625
.009999752044677734375
.2399997711181640625
-.6000003814697265625
-.780000209808349609375
-.55000019073486328125
.099999904632568359375
.599999904632568359375
-.620000362396240234375
-.580000400543212890625
-.22000026702880859375
-.21000003814697265625
-.440000057220458984375
.409999847412109375
.229999542236328125
.77999973297119140625
-.190000057220458984375
.419999599456787109375
.679999828338623046875
-.660000324249267578125
-.4200000762939453125
-.4200000762939453125
.81999969482421875
-.240000247955322265625
-.0100002288818359375
.509999752044677734375
.27999973297119140625
.659999847412109375
.229999542236328125
.27999973297119140625
-.4200000762939453125
-.31000041961669921875
-.730000019073486328125
0
0
0
0
0
0
0
0
0
0
0
0
0
0
0
0
0
0
0
0
1
0
0
0
0
0
0
0
0
0
0
0
0
0
0
0
0
0
0
0
0
0
0
0
0
0
0
0
0
0
9.45900058746337890625
.639999866485595703125
-.120000362396240234375
-.690000057220458984375
-.30000019073486328125
.799999713897705078125
.709999561309814453125
-.1000003814697265625
-.1700000762939453125
.099999904632568359375
.509999752044677734375
.18999958038330078125
-.490000247955322265625
.349999904632568359375
-.030000209808349609375
.139999866485595703125
-.22000026702880859375
-.370000362396240234375
.889999866485595703125
.77999973297119140625
.639999866485595703125
.709999561309814453125
-.480000019073486328125
.2399997711181640625
.839999675750732421875
-.580000400543212890625
-.1000003814697265625
.659999847412109375
.509999752044677734375
.299999713897705078125
-.660000324249267578125
.599999904632568359375
.549999713897705078125
.049999713897705078125
-.490000247955322265625
-.75
.43999958038330078125
-.1700000762939453125
-.030000209808349609375
-.730000019073486328125
.75
.099999904632568359375
.889999866485595703125
-.75
-.570000171661376953125
-.150000095367431640625
.81999969482421875
.639999866485595703125
.909999847412109375
.709999561309814453125
.409999847412109375
0
0
0
0
0
0
0
0
0
0
0
0
0
0
0
0
0
0
0
0
0
1
0
0
0
0
0
0
0
0
0
0
0
0
0
0
0
0
0
0
0
0
0
0
0
0
0
0
0
0
.465999603271484375
-.660000324249267578125
-.80000019073486328125
.75
.409999847412109375
.85999965667724609375
-.22000026702880859375
-.690000057220458984375
.509999752044677734375
-.71000003814697265625
-.80000019073486328125
-.55000019073486328125
-.5100002288818359375
.56999969482421875
.929999828338623046875
.419999599456787109375
-.580000400543212890625
.36999988555908203125
-.75
.81999969482421875
-.7600002288818359375
.81999969482421875
-.1000003814697265625
.94999980926513671875
-.31000041961669921875
.769999980926513671875
.409999847412109375
-.490000247955322265625
.409999847412109375
.929999828338623046875
-.190000057220458984375
.419999599456787109375
-.120000362396240234375
.43999958038330078125
.77999973297119140625
-.71000003814697265625
.299999713897705078125
-.440000057220458984375
.009999752044677734375
.409999847412109375
.259999752044677734375
.02999973297119140625
.679999828338623046875
.56999969482421875
.209999561309814453125
.599999904632568359375
-.0100002288818359375
.43999958038330078125
.56999969482421875
.679999828338623046875
.2399997711181640625
0
0
0
0
0
0
0
0
0
0
0
0
0
0
0
0
0
0
0
0
0
0
1
0
0
0
0
0
0
0
0
0
0
0
0
0
0
0
0
0
0
0
0
0
0
0
0
0
0
0
8.1970005035400390625
-.3500003814697265625
-.040000438690185546875
.81999969482421875
-.3500003814697265625
-.080000400543212890625
.77999973297119140625
-.150000095367431640625
-.5100002288818359375
.18999958038330078125
-.370000362396240234375
.549999713897705078125
.639999866485595703125
.2399997711181640625
-.1000003814697265625
.480000019073486328125
-.780000209808349609375
-.13000011444091796875
.639999866485595703125
.18999958038330078125
-.46000003814697265625
-.660000324249267578125
.679999828338623046875
.799999713897705078125
.85999965667724609375
.11999988555908203125
.049999713897705078125
.709999561309814453125
.480000019073486328125
-.4200000762939453125
-.75
-.46000003814697265625
.659999847412109375
.02999973297119140625
-.030000209808349609375
-.71000003814697265625
-.46000003814697265625
.36999988555908203125
.56999969482421875
-.150000095367431640625
-.46000003814697265625
-.190000057220458984375
-.0100002288818359375
-.21000003814697265625
.86999988555908203125
.709999561309814453125
-.120000362396240234375
.909999847412109375
.169999599456787109375
-.480000019073486328125
.709999561309814453125
0
0
0
0
0
0
0
0
0
0
0
0
0
0
0
0
0
0
0
0
0
0
0
0
1
0
0
0
0
0
0
0
0
0
0
0
0
0
0
0
0
0
0
0
0
0
0
0
0
0
.299999713897705078125
-.6700000762939453125
.299999713897705078125
.36999988555908203125
.94999980926513671875
.1499996185302734375
.099999904632568359375
-.0100002288818359375
-.150000095367431640625
-.4200000762939453125
.389999866485595703125
.52999973297119140625
.549999713897705078125
.02999973297119140625
.169999599456787109375
.11999988555908203125
.75
.52999973297119140625
-.5100002288818359375
.31999969482421875
-.030000209808349609375
.459999561309814453125
-.2600002288818359375
.77999973297119140625
-.75
-.400000095367431640625
-.71000003814697265625
-.06000041961669921875
.11999988555908203125
.27999973297119140625
.889999866485595703125
-.190000057220458984375
-.780000209808349609375
.169999599456787109375
-.21000003814697265625
.980000019073486328125
-.6700000762939453125
.709999561309814453125
-.040000438690185546875
.599999904632568359375
-.1000003814697265625
-.040000438690185546875
.75
.059999942779541015625
-.400000095367431640625
-.1000003814697265625
1
-.660000324249267578125
.049999713897705078125
.0799999237060546875
-.730000019073486328125
0
0
0
0
0
0
0
0
0
0
0
0
0
0
0
0
0
0
0
0
0
0
0
0
0
1
0
0
0
0
0
0
0
0
0
0
0
0
0
0
0
0
0
0
0
0
0
0
0
0
6.309999942779541015625
.839999675750732421875
-.46000003814697265625
.419999599456787109375
-.580000400543212890625
.209999561309814453125
.839999675750732421875
-.490000247955322265625
.96000003814697265625
-.040000438690185546875
-.6000003814697265625
.85999965667724609375
-.620000362396240234375
-.580000400543212890625
.639999866485595703125
-.0100002288818359375
-.6000003814697265625
-.440000057220458984375
.31999969482421875
.77999973297119140625
.980000019073486328125
-.1700000762939453125
.3299999237060546875
-.490000247955322265625
-.5100002288818359375
.75
.839999675750732421875
.099999904632568359375
-.31000041961669921875
-.120000362396240234375
1
.389999866485595703125
.31999969482421875
-.480000019073486328125
-.190000057220458984375
.549999713897705078125
.549999713897705078125
-.3500003814697265625
-.330000400543212890625
-.690000057220458984375
-.80000019073486328125
-.13000011444091796875
-.22000026702880859375
.009999752044677734375
.709999561309814453125
-.6000003814697265625
.799999713897705078125
.929999828338623046875
-.22000026702880859375
.730000019073486328125
-.5100002288818359375
0
0
0
0
0
0
0
0
0
0
0
0
0
0
0
0
0
0
0
0
0
0
0
0
0
0
1
0
0
0
0
0
0
0
0
0
0
0
0
0
0
0
0
0
0
0
0
0
0
0
1.6499996185302734375
.36999988555908203125
.1499996185302734375
-.570000171661376953125
-.5100002288818359375
.459999561309814453125
-.21000003814697265625
-.6700000762939453125
-.440000057220458984375
.299999713897705078125
.009999752044677734375
-.46000003814697265625
.27999973297119140625
-.6700000762939453125
-.120000362396240234375
.909999847412109375
-.5100002288818359375
.049999713897705078125
.1499996185302734375
-.040000438690185546875
.169999599456787109375
.77999973297119140625
.639999866485595703125
-.440000057220458984375
-.21000003814697265625
.349999904632568359375
-.22000026702880859375
.209999561309814453125
.889999866485595703125
.980000019073486328125
-.080000400543212890625
-.0100002288818359375
.94999980926513671875
.889999866485595703125
.85999965667724609375
-.570000171661376953125
.349999904632568359375
-.370000362396240234375
-.440000057220458984375
.730000019073486328125
.75
1
-.120000362396240234375
.02999973297119140625
-.06000041961669921875
-.620000362396240234375
.52999973297119140625
.2399997711181640625
.2399997711181640625
-.31000041961669921875
-.80000019073486328125
0
0
0
0
0
0
0
0
0
0
0
0
0
0
0
0
0
0
0
0
0
0
0
0
0
0
0
1
0
0
0
0
0
0
0
0
0
0
0
0
0
0
0
0
0
0
0
0
0
0
9.39400005340576171875
.02999973297119140625
-.530000209808349609375
-.55000019073486328125
.389999866485595703125
.68999958038330078125
-.580000400543212890625
-.22000026702880859375
-.120000362396240234375
-.1000003814697265625
.349999904632568359375
-.580000400543212890625
-.490000247955322265625
.299999713897705078125
-.690000057220458984375
-.660000324249267578125
.549999713897705078125
-.730000019073486328125
-.21000003814697265625
-.280000209808349609375
-.39000034332275390625
.1499996185302734375
-.280000209808349609375
.299999713897705078125
-.22000026702880859375
.480000019073486328125
.5
-.690000057220458984375
.31999969482421875
.3299999237060546875
.419999599456787109375
.3299999237060546875
-.030000209808349609375
-.490000247955322265625
-.620000362396240234375
-.64000034332275390625
-.80000019073486328125
.229999542236328125
.549999713897705078125
.509999752044677734375
-.2600002288818359375
-.1000003814697265625
.75
.049999713897705078125
-.190000057220458984375
-.330000400543212890625
.81999969482421875
-.030000209808349609375
-.240000247955322265625
.229999542236328125
.5
0
0
0
0
0
0
0
0
0
0
0
0
0
0
0
0
0
0
0
0
0
0
0
0
0
0
0
0
1
0
0
0
0
0
0
0
0
0
0
0
0
0
0
0
0
0
0
0
0
0
2.094999790191650390625
.77999973297119140625
-.620000362396240234375
-.1700000762939453125
.68999958038330078125
.589999675750732421875
-.1000003814697265625
.18999958038330078125
.709999561309814453125
-.780000209808349609375
.139999866485595703125
.75
.980000019073486328125
.909999847412109375
-.75
-.030000209808349609375
-.120000362396240234375
-.13000011444091796875
1
.049999713897705078125
-.620000362396240234375
-.2600002288818359375
-.440000057220458984375
.929999828338623046875
-.6000003814697265625
.18999958038330078125
-.400000095367431640625
-.780000209808349609375
-.240000247955322265625
.769999980926513671875
.86999988555908203125
-.13000011444091796875
.549999713897705078125
-.7600002288818359375
.509999752044677734375
.2399997711181640625
.639999866485595703125
.02999973297119140625
.049999713897705078125
.94999980926513671875
.059999942779541015625
-.22000026702880859375
-.5100002288818359375
.02999973297119140625
-.31000041961669921875
-.46000003814697265625
.81999969482421875
1
.839999675750732421875
-.39000034332275390625
.02999973297119140625
0
0
0
0
0
0
0
0
0
0
0
0
0
0
0
0
0
0
0
0
0
0
0
0
0
0
0
0
0
1
0
0
0
0
0
0
0
0
0
0
0
0
0
0
0
0
0
0
0
0
9.034000396728515625
-.780000209808349609375
.769999980926513671875
-.80000019073486328125
-.240000247955322265625
.980000019073486328125
.18999958038330078125
.769999980926513671875
-.21000003814697265625
-.440000057220458984375
.52999973297119140625
-.330000400543212890625
.2399997711181640625
.68999958038330078125
.3299999237060546875
.36999988555908203125
-.06000041961669921875
.56999969482421875
-.620000362396240234375
-.400000095367431640625
-.690000057220458984375
.86999988555908203125
.18999958038330078125
-.39000034332275390625
.509999752044677734375
-.5100002288818359375
.589999675750732421875
.31999969482421875
.0799999237060546875
.419999599456787109375
-.46000003814697265625
.929999828338623046875
-.7600002288818359375
-.690000057220458984375
-.2600002288818359375
-.190000057220458984375
-.730000019073486328125
.75
-.4200000762939453125
.5
-.080000400543212890625
-.280000209808349609375
.980000019073486328125
-.22000026702880859375
-.580000400543212890625
.909999847412109375
.94999980926513671875
.77999973297119140625
.480000019073486328125
-.06000041961669921875
-.030000209808349609375
0
0
0
0
0
0
0
0
0
0
0
0
0
0
0
0
0
0
0
0
0
0
0
0
0
0
0
0
0
0
1
0
0
0
0
0
0
0
0
0
0
0
0
0
0
0
0
0
0
0
2.917999744415283203125
.599999904632568359375
.419999599456787109375
-.22000026702880859375
-.1700000762939453125
-.080000400543212890625
.059999942779541015625
-.6000003814697265625
-.150000095367431640625
.96000003814697265625
.639999866485595703125
.209999561309814453125
-.31000041961669921875
.68999958038330078125
.31999969482421875
.2399997711181640625
.099999904632568359375
.409999847412109375
.589999675750732421875
-.71000003814697265625
.509999752044677734375
-.490000247955322265625
.419999599456787109375
.5
.68999958038330078125
.659999847412109375
-.80000019073486328125
.639999866485595703125
-.780000209808349609375
.5
.18999958038330078125
.61999988555908203125
.709999561309814453125
-.39000034332275390625
-.6000003814697265625
-.480000019073486328125
.349999904632568359375
.27999973297119140625
.349999904632568359375
-.80000019073486328125
.85999965667724609375
-.0100002288818359375
.209999561309814453125
.1499996185302734375
.27999973297119140625
.139999866485595703125
-.0100002288818359375
-.0100002288818359375
.1499996185302734375
-.4200000762939453125
.099999904632568359375
0
0
0
0
0
0
0
0
0
0
0
0
0
0
0
0
0
0
0
0
0
0
0
0
0
0
0
0
0
0
0
1
0
0
0
0
0
0
0
0
0
0
0
0
0
0
0
0
0
0
.22799968719482421875
-.330000400543212890625
.509999752044677734375
-.480000019073486328125
-.22000026702880859375
.209999561309814453125
-.22000026702880859375
-.22000026702880859375
.459999561309814453125
.419999599456787109375
-.120000362396240234375
-.3500003814697265625
.049999713897705078125
-.4200000762939453125
.679999828338623046875
.259999752044677734375
.52999973297119140625
.639999866485595703125
.139999866485595703125
.5
.639999866485595703125
-.0100002288818359375
-.5100002288818359375
.459999561309814453125
.94999980926513671875
-.620000362396240234375
-.400000095367431640625
-.06000041961669921875
.799999713897705078125
-.64000034332275390625
.94999980926513671875
-.120000362396240234375
-.150000095367431640625
-.75
.839999675750732421875
.43999958038330078125
.86999988555908203125
.229999542236328125
-.1700000762939453125
.3299999237060546875
-.3500003814697265625
.509999752044677734375
-.4200000762939453125
-.690000057220458984375
-.30000019073486328125
-.13000011444091796875
.36999988555908203125
-.150000095367431640625
-.490000247955322265625
-.490000247955322265625
-.660000324249267578125
0
0
0
0
0
0
0
0
0
0
0
0
0
0
0
0
0
0
0
0
0
0
0
0
0
0
0
0
0
0
0
0
1
0
0
0
0
0
0
0
0
0
0
0
0
0
0
0
0
0
2.19999980926513671875
-.240000247955322265625
.929999828338623046875
.259999752044677734375
-.1700000762939453125
-.330000400543212890625
.43999958038330078125
.2399997711181640625
.419999599456787109375
.2399997711181640625
.419999599456787109375
.980000019073486328125
-.2600002288818359375
-.120000362396240234375
-.780000209808349609375
.169999599456787109375
-.690000057220458984375
.909999847412109375
-.6000003814697265625
-.040000438690185546875
.85999965667724609375
.459999561309814453125
.0799999237060546875
.049999713897705078125
.589999675750732421875
.599999904632568359375
.730000019073486328125
-.040000438690185546875
-.55000019073486328125
-.780000209808349609375
.889999866485595703125
-.39000034332275390625
-.21000003814697265625
.799999713897705078125
-.530000209808349609375
.419999599456787109375
-.530000209808349609375
-.480000019073486328125
.27999973297119140625
-.5100002288818359375
.589999675750732421875
.299999713897705078125
.0799999237060546875
-.080000400543212890625
1
.11999988555908203125
.909999847412109375
-.080000400543212890625
.639999866485595703125
-.080000400543212890625
-.530000209808349609375
0
0
0
0
0
0
0
0
0
0
0
0
0
0
0
0
0
0
0
0
0
0
0
0
0
0
0
0
0
0
0
0
0
1
0
0
0
0
0
0
0
0
0
0
0
0
0
0
0
0
5.9029998779296875
-.730000019073486328125
-.620000362396240234375
.36999988555908203125
.139999866485595703125
.769999980926513671875
.56999969482421875
-.150000095367431640625
.3299999237060546875
-.370000362396240234375
.5
.209999561309814453125
.659999847412109375
-.1000003814697265625
.009999752044677734375
.94999980926513671875
-.6700000762939453125
.909999847412109375
-.530000209808349609375
-.80000019073486328125
-.6000003814697265625
-.330000400543212890625
.929999828338623046875
.27999973297119140625
.409999847412109375
-.280000209808349609375
.009999752044677734375
.929999828338623046875
.43999958038330078125
.2399997711181640625
.43999958038330078125
-.480000019073486328125
.94999980926513671875
.639999866485595703125
.709999561309814453125
.0799999237060546875
-.80000019073486328125
.889999866485595703125
-.46000003814697265625
.3299999237060546875
-.490000247955322265625
-.3500003814697265625
-.46000003814697265625
.980000019073486328125
.349999904632568359375
.980000019073486328125
.929999828338623046875
-.71000003814697265625
.889999866485595703125
-.6000003814697265625
-.690000057220458984375
0
0
0
0
0
0
0
0
0
0
0
0
0
0
0
0
0
0
0
0
0
0
0
0
0
0
0
0
0
0
0
0
0
0
1
0
0
0
0
0
0
0
0
0
0
0
0
0
0
0
9.4829998016357421875
-.120000362396240234375
-.120000362396240234375
-.150000095367431640625
-.22000026702880859375
-.120000362396240234375
.36999988555908203125
-.6000003814697265625
.419999599456787109375
-.190000057220458984375
.459999561309814453125
-.13000011444091796875
.1499996185302734375
.409999847412109375
.099999904632568359375
.480000019073486328125
.0799999237060546875
.730000019073486328125
.349999904632568359375
-.7600002288818359375
.059999942779541015625
.679999828338623046875
-.31000041961669921875
-.780000209808349609375
.659999847412109375
-.3500003814697265625
-.190000057220458984375
-.620000362396240234375
-.240000247955322265625
.299999713897705078125
-.400000095367431640625
.480000019073486328125
1
.909999847412109375
-.6700000762939453125
.389999866485595703125
.409999847412109375
.509999752044677734375
.599999904632568359375
.419999599456787109375
-.06000041961669921875
.049999713897705078125
-.1000003814697265625
-.30000019073486328125
.059999942779541015625
.81999969482421875
.980000019073486328125
-.240000247955322265625
-.6700000762939453125
.94999980926513671875
.409999847412109375
0
0
0
0
0
0
0
0
0
0
0
0
0
0
0
0
0
0
0
0
0
0
0
0
0
0
0
0
0
0
0
0
0
0
0
1
0
0
0
0
0
0
0
0
0
0
0
0
0
0
4.14799976348876953125
.209999561309814453125
-.580000400543212890625
-.30000019073486328125
.839999675750732421875
.889999866485595703125
.169999599456787109375
-.3500003814697265625
-.120000362396240234375
-.46000003814697265625
.769999980926513671875
.299999713897705078125
-.370000362396240234375
-.440000057220458984375
.81999969482421875
-.240000247955322265625
.769999980926513671875
.81999969482421875
-.120000362396240234375
.96000003814697265625
.2399997711181640625
-.580000400543212890625
.61999988555908203125
.96000003814697265625
-.06000041961669921875
-.31000041961669921875
-.440000057220458984375
.52999973297119140625
.85999965667724609375
-.30000019073486328125
-.730000019073486328125
.86999988555908203125
-.480000019073486328125
-.490000247955322265625
-.4200000762939453125
-.64000034332275390625
.009999752044677734375
-.64000034332275390625
.419999599456787109375
.709999561309814453125
.3299999237060546875
.799999713897705078125
.61999988555908203125
.769999980926513671875
-.660000324249267578125
.419999599456787109375
.139999866485595703125
-.280000209808349609375
.2399997711181640625
-.370000362396240234375
-.31000041961669921875
0
0
0
0
0
0
0
0
0
0
0
0
0
0
0
0
0
0
0
0
0
0
0
0
0
0
0
0
0
0
0
0
0
0
0
0
1
0
0
0
0
0
0
0
0
0
0
0
0
0
8.298000335693359375
.099999904632568359375
-.13000011444091796875
-.690000057220458984375
.059999942779541015625
-.6000003814697265625
.409999847412109375
.43999958038330078125
-.46000003814697265625
.86999988555908203125
.96000003814697265625
-.39000034332275390625
.75
-.530000209808349609375
.549999713897705078125
-.06000041961669921875
.259999752044677734375
-.46000003814697265625
.730000019073486328125
-.31000041961669921875
-.75
.679999828338623046875
-.530000209808349609375
.679999828338623046875
-.7600002288818359375
.2399997711181640625
.709999561309814453125
.18999958038330078125
-.4200000762939453125
.56999969482421875
-.580000400543212890625
.059999942779541015625
-.330000400543212890625
.709999561309814453125
.799999713897705078125
-.660000324249267578125
-.280000209808349609375
.81999969482421875
.589999675750732421875
.059999942779541015625
.68999958038330078125
-.660000324249267578125
-.71000003814697265625
-.7600002288818359375
.2399997711181640625
.659999847412109375
.599999904632568359375
-.5100002288818359375
-.190000057220458984375
.94999980926513671875
.599999904632568359375
0
0
0
0
0
0
0
0
0
0
0
0
0
0
0
0
0
0
0
0
0
0
0
0
0
0
0
0
0
0
0
0
0
0
0
0
0
1
0
0
0
0
0
0
0
0
0
0
0
0
2.26900005340576171875
-.13000011444091796875
-.6000003814697265625
.889999866485595703125
.1499996185302734375
-.55000019073486328125
.75
.480000019073486328125
.43999958038330078125
-.690000057220458984375
.659999847412109375
-.530000209808349609375
.799999713897705078125
-.6700000762939453125
1
.599999904632568359375
-.5100002288818359375
-.30000019073486328125
.409999847412109375
-.31000041961669921875
-.620000362396240234375
.709999561309814453125
-.1700000762939453125
-.5100002288818359375
-.46000003814697265625
-.31000041961669921875
-.240000247955322265625
-.240000247955322265625
.599999904632568359375
.36999988555908203125
.299999713897705078125
.18999958038330078125
-.150000095367431640625
.509999752044677734375
.68999958038330078125
-.39000034332275390625
.77999973297119140625
.419999599456787109375
.909999847412109375
.839999675750732421875
-.660000324249267578125
.56999969482421875
-.690000057220458984375
.96000003814697265625
-.490000247955322265625
-.71000003814697265625
-.64000034332275390625
.419999599456787109375
-.190000057220458984375
.589999675750732421875
.909999847412109375
0
0
0
0
0
0
0
0
0
0
0
0
0
0
0
0
0
0
0
0
0
0
0
0
0
0
0
0
0
0
0
0
0
0
0
0
0
0
1
0
0
0
0
0
0
0
0
0
0
0
4.715000152587890625
.61999988555908203125
.889999866485595703125
.349999904632568359375
.929999828338623046875
.049999713897705078125
.85999965667724609375
.299999713897705078125
.61999988555908203125
-.7600002288818359375
.27999973297119140625
.52999973297119140625
.85999965667724609375
.94999980926513671875
.049999713897705078125
.549999713897705078125
.169999599456787109375
-.190000057220458984375
.589999675750732421875
.68999958038330078125
-.3500003814697265625
.75
.86999988555908203125
-.240000247955322265625
-.490000247955322265625
-.0100002288818359375
.480000019073486328125
-.330000400543212890625
-.6000003814697265625
-.71000003814697265625
-.13000011444091796875
-.690000057220458984375
.730000019073486328125
.36999988555908203125
-.730000019073486328125
-.55000019073486328125
-.580000400543212890625
-.2600002288818359375
-.64000034332275390625
-.370000362396240234375
-.21000003814697265625
.43999958038330078125
.980000019073486328125
-.3500003814697265625
1
.009999752044677734375
-.21000003814697265625
.1499996185302734375
-.570000171661376953125
-.0100002288818359375
.459999561309814453125
0
0
0
0
0
0
0
0
0
0
0
0
0
0
0
0
0
0
0
0
0
0
0
0
0
0
0
0
0
0
0
0
0
0
0
0
0
0
0
1
0
0
0
0
0
0
0
0
0
0
2.915999889373779296875
-.1000003814697265625
-.280000209808349609375
.31999969482421875
-.730000019073486328125
.659999847412109375
-.690000057220458984375
.56999969482421875
-.6700000762939453125
.139999866485595703125
-.530000209808349609375
-.0100002288818359375
.86999988555908203125
-.190000057220458984375
-.64000034332275390625
.96000003814697265625
.68999958038330078125
.18999958038330078125
.299999713897705078125
.85999965667724609375
.639999866485595703125
.909999847412109375
.909999847412109375
-.580000400543212890625
.1499996185302734375
.909999847412109375
.85999965667724609375
-.440000057220458984375
.679999828338623046875
-.71000003814697265625
.36999988555908203125
.730000019073486328125
.599999904632568359375
-.30000019073486328125
.049999713897705078125
-.5100002288818359375
-.660000324249267578125
.77999973297119140625
.85999965667724609375
-.5100002288818359375
-.1000003814697265625
-.06000041961669921875
.909999847412109375
-.22000026702880859375
.549999713897705078125
-.75
.3299999237060546875
.2399997711181640625
.259999752044677734375
-.370000362396240234375
.709999561309814453125
0
0
0
0
0
0
0
0
0
0
0
0
0
0
0
0
0
0
0
0
0
0
0
0
0
0
0
0
0
0
0
0
0
0
0
0
0
0
0
0
1
0
0
0
0
0
0
0
0
0
2.964999675750732421875
.509999752044677734375
.1499996185302734375
.61999988555908203125
-.46000003814697265625
-.690000057220458984375
-.690000057220458984375
-.620000362396240234375
.299999713897705078125
-.400000095367431640625
.099999904632568359375
-.3500003814697265625
-.6700000762939453125
-.30000019073486328125
.169999599456787109375
.799999713897705078125
.599999904632568359375
.3299999237060546875
.56999969482421875
-.75
-.580000400543212890625
.0799999237060546875
.009999752044677734375
-.6700000762939453125
-.530000209808349609375
.169999599456787109375
.009999752044677734375
.61999988555908203125
.009999752044677734375
-.120000362396240234375
-.13000011444091796875
-.280000209808349609375
-.6000003814697265625
.81999969482421875
-.06000041961669921875
.349999904632568359375
-.2600002288818359375
.059999942779541015625
.549999713897705078125
.839999675750732421875
-.730000019073486328125
-.3500003814697265625
-.5100002288818359375
-.6000003814697265625
.769999980926513671875
-.730000019073486328125
-.80000019073486328125
.36999988555908203125
.409999847412109375
-.620000362396240234375
-.7600002288818359375
0
0
0
0
0
0
0
0
0
0
0
0
0
0
0
0
0
0
0
0
0
0
0
0
0
0
0
0
0
0
0
0
0
0
0
0
0
0
0
0
0
1
0
0
0
0
0
0
0
0
7.77299976348876953125
.639999866485595703125
.27999973297119140625
.059999942779541015625
-.4200000762939453125
.549999713897705078125
-.780000209808349609375
.389999866485595703125
.77999973297119140625
.659999847412109375
-.730000019073486328125
.2399997711181640625
-.0100002288818359375
.0799999237060546875
.059999942779541015625
.75
-.570000171661376953125
-.580000400543212890625
.419999599456787109375
-.400000095367431640625
-.75
.5
.059999942779541015625
.169999599456787109375
.709999561309814453125
.43999958038330078125
.2399997711181640625
.730000019073486328125
.419999599456787109375
-.3500003814697265625
.909999847412109375
.480000019073486328125
-.1000003814697265625
.799999713897705078125
.139999866485595703125
.909999847412109375
.96000003814697265625
.77999973297119140625
.299999713897705078125
-.480000019073486328125
.43999958038330078125
.980000019073486328125
.589999675750732421875
-.570000171661376953125
.679999828338623046875
.259999752044677734375
-.22000026702880859375
-.280000209808349609375
.5
-.80000019073486328125
.139999866485595703125
0
0
0
0
0
0
0
0
0
0
0
0
0
0
0
0
0
0
0
0
0
0
0
0
0
0
0
0
0
0
0
0
0
0
0
0
0
0
0
0
0
0
1
0
0
0
0
0
0
0
9.71300029754638671875
.549999713897705078125
-.690000057220458984375
-.190000057220458984375
.3299999237060546875
.839999675750732421875
-.7600002288818359375
-.4200000762939453125
-.660000324249267578125
-.730000019073486328125
.659999847412109375
-.13000011444091796875
-.660000324249267578125
.169999599456787109375
.27999973297119140625
.299999713897705078125
.059999942779541015625
.229999542236328125
.68999958038330078125
-.030000209808349609375
.56999969482421875
.75
-.040000438690185546875
.769999980926513671875
1
.2399997711181640625
.02999973297119140625
.389999866485595703125
.77999973297119140625
-.480000019073486328125
.389999866485595703125
-.080000400543212890625
-.31000041961669921875
-.690000057220458984375
-.6700000762939453125
-.39000034332275390625
.94999980926513671875
-.620000362396240234375
.009999752044677734375
-.1000003814697265625
.0799999237060546875
.259999752044677734375
-.620000362396240234375
.2399997711181640625
-.570000171661376953125
.480000019073486328125
.1499996185302734375
.929999828338623046875
.31999969482421875
.459999561309814453125
-.120000362396240234375
0
0
0
0
0
0
0
0
0
0
0
0
0
0
0
0
0
0
0
0
0
0
0
0
0
0
0
0
0
0
0
0
0
0
0
0
0
0
0
0
0
0
0
1
0
0
0
0
0
0
9.909000396728515625
.5
.209999561309814453125
-.55000019073486328125
.259999752044677734375
.18999958038330078125
.5
-.71000003814697265625
-.4200000762939453125
.27999973297119140625
.229999542236328125
-.4200000762939453125
-.21000003814697265625
-.480000019073486328125
-.31000041961669921875
-.06000041961669921875
-.040000438690185546875
.2399997711181640625
.75
-.440000057220458984375
-.240000247955322265625
.43999958038330078125
.639999866485595703125
-.040000438690185546875
.27999973297119140625
-.31000041961669921875
.049999713897705078125
-.570000171661376953125
-.400000095367431640625
-.660000324249267578125
.68999958038330078125
.299999713897705078125
.659999847412109375
-.1000003814697265625
-.64000034332275390625
-.1000003814697265625
-.30000019073486328125
.679999828338623046875
.61999988555908203125
.68999958038330078125
.549999713897705078125
.459999561309814453125
-.120000362396240234375
-.040000438690185546875
.77999973297119140625
1
-.490000247955322265625
.349999904632568359375
.85999965667724609375
-.75
-.480000019073486328125
0
0
0
0
0
0
0
0
0
0
0
0
0
0
0
0
0
0
0
0
0
0
0
0
0
0
0
0
0
0
0
0
0
0
0
0
0
0
0
0
0
0
0
0
1
0
0
0
0
0
4.025000095367431640625
-.39000034332275390625
.509999752044677734375
.980000019073486328125
.389999866485595703125
.409999847412109375
-.3500003814697265625
-.580000400543212890625
.639999866485595703125
.679999828338623046875
.18999958038330078125
.94999980926513671875
-.030000209808349609375
-.150000095367431640625
.459999561309814453125
.769999980926513671875
.56999969482421875
-.240000247955322265625
.419999599456787109375
.77999973297119140625
.059999942779541015625
.589999675750732421875
.2399997711181640625
-.440000057220458984375
.1499996185302734375
.639999866485595703125
-.46000003814697265625
.480000019073486328125
.589999675750732421875
-.6000003814697265625
.549999713897705078125
.929999828338623046875
-.190000057220458984375
.679999828338623046875
.889999866485595703125
-.190000057220458984375
.059999942779541015625
.1499996185302734375
.659999847412109375
.31999969482421875
-.1700000762939453125
-.150000095367431640625
.86999988555908203125
-.580000400543212890625
-.71000003814697265625
.94999980926513671875
1
-.530000209808349609375
.31999969482421875
-.780000209808349609375
-.75
0
0
0
0
0
0
0
0
0
0
0
0
0
0
0
0
0
0
0
0
0
0
0
0
0
0
0
0
0
0
0
0
0
0
0
0
0
0
0
0
0
0
0
0
0
1
0
0
0
0
7.465999603271484375
-.620000362396240234375
.61999988555908203125
.909999847412109375
-.2600002288818359375
-.22000026702880859375
.549999713897705078125
.709999561309814453125
-.13000011444091796875
.139999866485595703125
.929999828338623046875
.02999973297119140625
.659999847412109375
.349999904632568359375
-.31000041961669921875
.549999713897705078125
-.240000247955322265625
-.64000034332275390625
.31999969482421875
.02999973297119140625
-.71000003814697265625
.96000003814697265625
-.530000209808349609375
-.22000026702880859375
-.0100002288818359375
-.4200000762939453125
-.280000209808349609375
-.0100002288818359375
-.13000011444091796875
.839999675750732421875
.009999752044677734375
.52999973297119140625
-.1700000762939453125
.2399997711181640625
.43999958038330078125
1
-.39000034332275390625
-.0100002288818359375
.709999561309814453125
.299999713897705078125
-.280000209808349609375
-.580000400543212890625
-.080000400543212890625
-.620000362396240234375
-.620000362396240234375
.419999599456787109375
-.46000003814697265625
-.040000438690185546875
-.6000003814697265625
.679999828338623046875
.77999973297119140625
0
0
0
0
0
0
0
0
0
0
0
0
0
0
0
0
0
0
0
0
0
0
0
0
0
0
0
0
0
0
0
0
0
0
0
0
0
0
0
0
0
0
0
0
0
0
1
0
0
0
7.797999858856201171875
.11999988555908203125
-.570000171661376953125
-.13000011444091796875
.709999561309814453125
.85999965667724609375
.259999752044677734375
.049999713897705078125
-.150000095367431640625
-.2600002288818359375
.5
-.530000209808349609375
-.730000019073486328125
-.080000400543212890625
-.690000057220458984375
.52999973297119140625
-.080000400543212890625
.349999904632568359375
.11999988555908203125
-.39000034332275390625
.259999752044677734375
-.55000019073486328125
.459999561309814453125
1
-.3500003814697265625
.659999847412109375
-.780000209808349609375
.61999988555908203125
-.400000095367431640625
.049999713897705078125
.909999847412109375
-.0100002288818359375
.980000019073486328125
-.660000324249267578125
-.530000209808349609375
-.5100002288818359375
-.80000019073486328125
-.660000324249267578125
.94999980926513671875
.480000019073486328125
-.1000003814697265625
-.7600002288818359375
-.46000003814697265625
.589999675750732421875
-.030000209808349609375
.27999973297119140625
.730000019073486328125
.68999958038330078125
-.370000362396240234375
.459999561309814453125
-.080000400543212890625
0
0
0
0
0
0
0
0
0
0
0
0
0
0
0
0
0
0
0
0
0
0
0
0
0
0
0
0
0
0
0
0
0
0
0
0
0
0
0
0
0
0
0
0
0
0
0
1
0
0
5.20300006866455078125
-.490000247955322265625
.730000019073486328125
-.0100002288818359375
-.5100002288818359375
-.0100002288818359375
-.3500003814697265625
.139999866485595703125
-.39000034332275390625
.679999828338623046875
.980000019073486328125
-.480000019073486328125
.27999973297119140625
-.240000247955322265625
.299999713897705078125
.56999969482421875
.659999847412109375
.929999828338623046875
.730000019073486328125
.599999904632568359375
1
.229999542236328125
-.55000019073486328125
-.46000003814697265625
.419999599456787109375
.229999542236328125
-.570000171661376953125
.769999980926513671875
.52999973297119140625
-.120000362396240234375
.209999561309814453125
.059999942779541015625
.81999969482421875
.549999713897705078125
.86999988555908203125
-.080000400543212890625
-.480000019073486328125
.139999866485595703125
.85999965667724609375
.56999969482421875
-.21000003814697265625
-.370000362396240234375
.889999866485595703125
-.31000041961669921875
.209999561309814453125
.799999713897705078125
-.7600002288818359375
.480000019073486328125
.709999561309814453125
-.4200000762939453125
.0799999237060546875
0
0
0
0
0
0
0
0
0
0
0
0
0
0
0
0
0
0
0
0
0
0
0
0
0
0
0
0
0
0
0
0
0
0
0
0
0
0
0
0
0
0
0
0
0
0
0
0
1
0
2.7089996337890625
.709999561309814453125
-.580000400543212890625
.3299999237060546875
-.13000011444091796875
.659999847412109375
.169999599456787109375
.11999988555908203125
-.80000019073486328125
.31999969482421875
-.39000034332275390625
.229999542236328125
-.620000362396240234375
.049999713897705078125
-.22000026702880859375
-.13000011444091796875
.769999980926513671875
.730000019073486328125
.81999969482421875
.61999988555908203125
.27999973297119140625
.229999542236328125
-.13000011444091796875
.77999973297119140625
.709999561309814453125
-.31000041961669921875
.589999675750732421875
-.440000057220458984375
.96000003814697265625
.909999847412109375
.56999969482421875
.659999847412109375
-.580000400543212890625
-.4200000762939453125
-.0100002288818359375
.709999561309814453125
-.7600002288818359375
-.22000026702880859375
-.1700000762939453125
-.75
.909999847412109375
.86999988555908203125
.909999847412109375
-.1000003814697265625
-.1000003814697265625
.27999973297119140625
.589999675750732421875
-.330000400543212890625
.009999752044677734375
1
-.1000003814697265625
0
0
0
0
0
0
0
0
0
0
0
0
0
0
0
0
0
0
0
0
0
0
0
0
0
0
0
0
0
0
0
0
0
0
0
0
0
0
0
0
0
0
0
0
0
0
0
0
0
1
8.87699985504150390625
-1.39000034332275390625
-1.519999980926513671875
-.730000019073486328125
-.96000003814697265625
-1.780000209808349609375
-.840000152587890625
-1.410000324249267578125
-.2600002288818359375
-1.75
-1.490000247955322265625
-1.63000011444091796875
-.18000030517578125
-1.4200000762939453125
-.46000003814697265625
-1.700000286102294921875
-.6000003814697265625
-.72000026702880859375
-.270000457763671875
-.30000019073486328125
-1.950000286102294921875
-.290000438690185546875
-.610000133514404296875
-1.700000286102294921875
-1.8299999237060546875
-.570000171661376953125
-1.31000041961669921875
-.660000324249267578125
-.700000286102294921875
-1.570000171661376953125
-.900000095367431640625
-1.31000041961669921875
-.96000003814697265625
-.43000030517578125
-.040000438690185546875
-1.450000286102294921875
-1.730000019073486328125
-.89000034332275390625
-.38000011444091796875
-1.519999980926513671875
-.64000034332275390625
-1.39000034332275390625
-1.150000095367431640625
-.340000152587890625
-.81000041961669921875
-1.13000011444091796875
-.05000019073486328125
-1.4200000762939453125
-1.8500003814697265625
-1.840000152587890625
-1.72000026702880859375
0
0
0
0
0
0
0
0
0
0
0
0
0
0
0
0
0
0
0
0
0
0
0
0
0
0
0
0
0
0
0
0
0
0
0
0
0
0
0
0
0
0
0
0
0
0
0
0
0
0
0
19